DataY,AnimalID,RecDate,NovelDay,CellID,CellType,Environ,PosBin,StimCond
36.8216020249574,57,220329,1,7,1,1,1,0
30.2665772890453,57,220329,1,7,1,1,2,0
24.1359726580597,57,220329,1,7,1,1,3,0
18.7887108068085,57,220329,1,7,1,1,4,0
14.6726876119571,57,220329,1,7,1,1,5,0
12.2639425506146,57,220329,1,7,1,1,6,0
4.49329383390272,57,220329,1,7,1,1,7,0
-1.35642477211228,57,220329,1,7,1,1,8,0
-10.5598170809147,57,220329,1,7,1,1,9,0
-16.0210431801601,57,220329,1,7,1,1,10,0
-17.1115297834348,57,220329,1,7,1,1,11,0
-10.0892435829622,57,220329,1,7,1,1,12,0
3.97085802960452,57,220329,1,7,1,1,13,0
21.8692162335111,57,220329,1,7,1,1,14,0
40.0010388824519,57,220329,1,7,1,1,15,0
56.6704830766909,57,220329,1,7,1,1,16,0
68.9256975776062,57,220329,1,7,1,1,17,0
74.5543034553005,57,220329,1,7,1,1,18,0
73.2261487807406,57,220329,1,7,1,1,19,0
65.8191652384948,57,220329,1,7,1,1,20,0
58.1676098913348,57,220329,1,7,1,1,21,0
51.8049870233585,57,220329,1,7,1,1,22,0
47.8496045546546,57,220329,1,7,1,1,23,0
42.6198888485957,57,220329,1,7,1,1,24,0
36.0290445233192,57,220329,1,7,1,1,25,0
27.4381026101716,57,220329,1,7,1,1,26,0
38.6419000939292,57,220329,1,8,1,1,1,0
41.77815669368,57,220329,1,8,1,1,2,0
44.2443071740819,57,220329,1,8,1,1,3,0
46.3548243370123,57,220329,1,8,1,1,4,0
49.0385147422758,57,220329,1,8,1,1,5,0
50.3765837971245,57,220329,1,8,1,1,6,0
45.4902617142555,57,220329,1,8,1,1,7,0
39.6410224705435,57,220329,1,8,1,1,8,0
32.1844135447847,57,220329,1,8,1,1,9,0
28.4730889859995,57,220329,1,8,1,1,10,0
30.5501528139749,57,220329,1,8,1,1,11,0
37.9680945585836,57,220329,1,8,1,1,12,0
47.8685820507709,57,220329,1,8,1,1,13,0
58.101797858756,57,220329,1,8,1,1,14,0
67.5113879851049,57,220329,1,8,1,1,15,0
77.3316713358136,57,220329,1,8,1,1,16,0
87.864528447806,57,220329,1,8,1,1,17,0
98.9837604468451,57,220329,1,8,1,1,18,0
106.939205090176,57,220329,1,8,1,1,19,0
110.746608416387,57,220329,1,8,1,1,20,0
112.139975654663,57,220329,1,8,1,1,21,0
113.223079991086,57,220329,1,8,1,1,22,0
114.440071807022,57,220329,1,8,1,1,23,0
112.651439257744,57,220329,1,8,1,1,24,0
107.374183957168,57,220329,1,8,1,1,25,0
97.8316004122152,57,220329,1,8,1,1,26,0
-50.6003960976044,57,220330,2,1,1,1,1,0
2.38214794611775,57,220330,2,1,1,1,2,0
42.1804998547234,57,220330,2,1,1,1,3,0
70.752605781052,57,220330,2,1,1,1,4,0
83.4147656996234,57,220330,2,1,1,1,5,0
80.8746415385347,57,220330,2,1,1,1,6,0
69.231588086192,57,220330,2,1,1,1,7,0
37.815531379397,57,220330,2,1,1,1,8,0
2.29301790995162,57,220330,2,1,1,1,9,0
-20.4852426873414,57,220330,2,1,1,1,10,0
-6.71953930366114,57,220330,2,1,1,1,11,0
18.2111428201182,57,220330,2,1,1,1,12,0
33.5857619895073,57,220330,2,1,1,1,13,0
37.8645818962052,57,220330,2,1,1,1,14,0
28.7378727150185,57,220330,2,1,1,1,15,0
6.48287105025392,57,220330,2,1,1,1,16,0
-26.6863590268392,57,220330,2,1,1,1,17,0
-65.1614161413868,57,220330,2,1,1,1,18,0
-113.023300371576,57,220330,2,1,1,1,19,0
-140.304347840136,57,220330,2,1,1,1,20,0
-137.022152501205,57,220330,2,1,1,1,21,0
-129.574806373403,57,220330,2,1,1,1,22,0
-118.487658214033,57,220330,2,1,1,1,23,0
-113.542361650433,57,220330,2,1,1,1,24,0
-116.146258479312,57,220330,2,1,1,1,25,0
-128.387551933386,57,220330,2,1,1,1,26,0
52.9715601450384,57,220330,2,4,1,1,1,0
33.783829235566,57,220330,2,4,1,1,2,0
30.290988615484,57,220330,2,4,1,1,3,0
28.9119377006733,57,220330,2,4,1,1,4,0
33.7804028902684,57,220330,2,4,1,1,5,0
42.49843434199,57,220330,2,4,1,1,6,0
45.5882659506033,57,220330,2,4,1,1,7,0
39.1912080791947,57,220330,2,4,1,1,8,0
23.1357673343437,57,220330,2,4,1,1,9,0
-13.150131384818,57,220330,2,4,1,1,10,0
-62.1212760767759,57,220330,2,4,1,1,11,0
-78.2227220393218,57,220330,2,4,1,1,12,0
-59.5810286766766,57,220330,2,4,1,1,13,0
-17.4532992213961,57,220330,2,4,1,1,14,0
17.9129625421956,57,220330,2,4,1,1,15,0
37.8497831861305,57,220330,2,4,1,1,16,0
52.0132764173679,57,220330,2,4,1,1,17,0
72.8347209175166,57,220330,2,4,1,1,18,0
105.610709608615,57,220330,2,4,1,1,19,0
125.369673754486,57,220330,2,4,1,1,20,0
104.419506212156,57,220330,2,4,1,1,21,0
55.5288589778818,57,220330,2,4,1,1,22,0
0.279018129968339,57,220330,2,4,1,1,23,0
-37.7873998621425,57,220330,2,4,1,1,24,0
-52.4700355339773,57,220330,2,4,1,1,25,0
-50.0229885403793,57,220330,2,4,1,1,26,0
10.2298982168727,57,220330,2,7,1,1,1,0
11.0664397605623,57,220330,2,7,1,1,2,0
12.8225783022503,57,220330,2,7,1,1,3,0
16.3790750549209,57,220330,2,7,1,1,4,0
21.1373829495313,57,220330,2,7,1,1,5,0
25.3504654321311,57,220330,2,7,1,1,6,0
27.6727724978933,57,220330,2,7,1,1,7,0
27.5640258096563,57,220330,2,7,1,1,8,0
26.9884669494085,57,220330,2,7,1,1,9,0
25.5615355510741,57,220330,2,7,1,1,10,0
20.4362175884073,57,220330,2,7,1,1,11,0
13.788551630454,57,220330,2,7,1,1,12,0
9.21510193736822,57,220330,2,7,1,1,13,0
6.75763417197468,57,220330,2,7,1,1,14,0
7.46013954227863,57,220330,2,7,1,1,15,0
11.0218205574749,57,220330,2,7,1,1,16,0
15.8751977796994,57,220330,2,7,1,1,17,0
20.4533026056255,57,220330,2,7,1,1,18,0
23.153000979946,57,220330,2,7,1,1,19,0
22.2004653108066,57,220330,2,7,1,1,20,0
19.9798383448133,57,220330,2,7,1,1,21,0
19.131079301898,57,220330,2,7,1,1,22,0
20.2297791845291,57,220330,2,7,1,1,23,0
22.2338533316293,57,220330,2,7,1,1,24,0
23.5198065798598,57,220330,2,7,1,1,25,0
24.0992333981454,57,220330,2,7,1,1,26,0
0.439302643382977,57,220330,2,11,1,1,1,0
2.57643870528704,57,220330,2,11,1,1,2,0
9.7480483985156,57,220330,2,11,1,1,3,0
15.7607640716482,57,220330,2,11,1,1,4,0
17.7049665436055,57,220330,2,11,1,1,5,0
17.3463785076885,57,220330,2,11,1,1,6,0
14.34507429072,57,220330,2,11,1,1,7,0
0.0758548643405632,57,220330,2,11,1,1,8,0
-23.305246805752,57,220330,2,11,1,1,9,0
-69.4001902607189,57,220330,2,11,1,1,10,0
-128.511170647911,57,220330,2,11,1,1,11,0
-158.987354812079,57,220330,2,11,1,1,12,0
-145.651071853153,57,220330,2,11,1,1,13,0
-98.3863601189746,57,220330,2,11,1,1,14,0
-63.7817928650683,57,220330,2,11,1,1,15,0
-57.2436089980601,57,220330,2,11,1,1,16,0
-67.6227043575436,57,220330,2,11,1,1,17,0
-81.6050427125707,57,220330,2,11,1,1,18,0
-97.364733460721,57,220330,2,11,1,1,19,0
-116.358663598015,57,220330,2,11,1,1,20,0
-129.247486359761,57,220330,2,11,1,1,21,0
-135.556310552302,57,220330,2,11,1,1,22,0
-142.65593741486,57,220330,2,11,1,1,23,0
-143.187603971401,57,220330,2,11,1,1,24,0
-131.457163903492,57,220330,2,11,1,1,25,0
-111.160090972236,57,220330,2,11,1,1,26,0
-54.080676928173,57,220331,3,6,1,1,1,0
-42.2546944605241,57,220331,3,6,1,1,2,0
-34.4638115365195,57,220331,3,6,1,1,3,0
-30.4258392982596,57,220331,3,6,1,1,4,0
-33.9540086223259,57,220331,3,6,1,1,5,0
-52.6652260294532,57,220331,3,6,1,1,6,0
-86.2531298671602,57,220331,3,6,1,1,7,0
-118.239850577688,57,220331,3,6,1,1,8,0
-116.203668660201,57,220331,3,6,1,1,9,0
-80.9876341896395,57,220331,3,6,1,1,10,0
-42.2343706706019,57,220331,3,6,1,1,11,0
-40.6607323712679,57,220331,3,6,1,1,12,0
-83.9488498415352,57,220331,3,6,1,1,13,0
-118.314410797381,57,220331,3,6,1,1,14,0
-109.718896036323,57,220331,3,6,1,1,15,0
-75.6778954035616,57,220331,3,6,1,1,16,0
-56.1549627271968,57,220331,3,6,1,1,17,0
-58.9575912263048,57,220331,3,6,1,1,18,0
-70.7802542497621,57,220331,3,6,1,1,19,0
-78.2267760458223,57,220331,3,6,1,1,20,0
-74.566578394753,57,220331,3,6,1,1,21,0
-66.3599836908231,57,220331,3,6,1,1,22,0
-60.9253858383685,57,220331,3,6,1,1,23,0
-59.5175251783544,57,220331,3,6,1,1,24,0
-60.258830365002,57,220331,3,6,1,1,25,0
-60.4776329707142,57,220331,3,6,1,1,26,0
75.8587264932207,57,220331,3,7,1,1,1,0
91.4663536278891,57,220331,3,7,1,1,2,0
105.206791918868,57,220331,3,7,1,1,3,0
108.566286402926,57,220331,3,7,1,1,4,0
103.253805941524,57,220331,3,7,1,1,5,0
94.5524415386496,57,220331,3,7,1,1,6,0
89.5802002387747,57,220331,3,7,1,1,7,0
92.7124534423941,57,220331,3,7,1,1,8,0
71.7657170746416,57,220331,3,7,1,1,9,0
45.1651911781966,57,220331,3,7,1,1,10,0
21.5850574246886,57,220331,3,7,1,1,11,0
-1.20891763109774,57,220331,3,7,1,1,12,0
-23.1010783610798,57,220331,3,7,1,1,13,0
-40.2020179082553,57,220331,3,7,1,1,14,0
-49.9790123052484,57,220331,3,7,1,1,15,0
-49.4562523688344,57,220331,3,7,1,1,16,0
-34.9984998254362,57,220331,3,7,1,1,17,0
-8.30839578193278,57,220331,3,7,1,1,18,0
25.4565104357901,57,220331,3,7,1,1,19,0
52.3805808224765,57,220331,3,7,1,1,20,0
69.3026124873241,57,220331,3,7,1,1,21,0
71.2497648971477,57,220331,3,7,1,1,22,0
56.1888118589312,57,220331,3,7,1,1,23,0
26.1162359829643,57,220331,3,7,1,1,24,0
-7.53230728615428,57,220331,3,7,1,1,25,0
-35.1251876742566,57,220331,3,7,1,1,26,0
30.9917990455647,57,220331,3,8,1,1,1,0
29.1951075199504,57,220331,3,8,1,1,2,0
25.6963191649064,57,220331,3,8,1,1,3,0
21.4554441920211,57,220331,3,8,1,1,4,0
16.1600569578161,57,220331,3,8,1,1,5,0
12.7872575152041,57,220331,3,8,1,1,6,0
13.8611088153999,57,220331,3,8,1,1,7,0
18.8911537118904,57,220331,3,8,1,1,8,0
20.5581304217655,57,220331,3,8,1,1,9,0
18.4849787499909,57,220331,3,8,1,1,10,0
18.260677170905,57,220331,3,8,1,1,11,0
20.3227797032359,57,220331,3,8,1,1,12,0
21.7605949905376,57,220331,3,8,1,1,13,0
19.6897240740476,57,220331,3,8,1,1,14,0
14.3034634442685,57,220331,3,8,1,1,15,0
8.40792151393735,57,220331,3,8,1,1,16,0
5.59236983223122,57,220331,3,8,1,1,17,0
5.76521118387259,57,220331,3,8,1,1,18,0
6.75460736861814,57,220331,3,8,1,1,19,0
7.5000448484422,57,220331,3,8,1,1,20,0
7.92818185663417,57,220331,3,8,1,1,21,0
7.5595421317935,57,220331,3,8,1,1,22,0
6.30060280476478,57,220331,3,8,1,1,23,0
6.18259129021933,57,220331,3,8,1,1,24,0
8.31560230553445,57,220331,3,8,1,1,25,0
11.9661121963051,57,220331,3,8,1,1,26,0
13.9548205334375,57,220331,3,9,1,1,1,0
19.3325113745635,57,220331,3,9,1,1,2,0
22.9426045579412,57,220331,3,9,1,1,3,0
22.5466485882652,57,220331,3,9,1,1,4,0
19.5862481251791,57,220331,3,9,1,1,5,0
15.3364595897158,57,220331,3,9,1,1,6,0
12.00813891228,57,220331,3,9,1,1,7,0
10.2326755948705,57,220331,3,9,1,1,8,0
4.41213839466982,57,220331,3,9,1,1,9,0
1.03101935151145,57,220331,3,9,1,1,10,0
0.830102758743653,57,220331,3,9,1,1,11,0
3.15719122651918,57,220331,3,9,1,1,12,0
5.38861886047032,57,220331,3,9,1,1,13,0
6.77373930012878,57,220331,3,9,1,1,14,0
7.28992208447312,57,220331,3,9,1,1,15,0
8.7829923410619,57,220331,3,9,1,1,16,0
11.6943329007431,57,220331,3,9,1,1,17,0
13.7489270724936,57,220331,3,9,1,1,18,0
13.9317236459487,57,220331,3,9,1,1,19,0
11.6633606342601,57,220331,3,9,1,1,20,0
7.44376401910949,57,220331,3,9,1,1,21,0
4.58190715037131,57,220331,3,9,1,1,22,0
3.69162740925365,57,220331,3,9,1,1,23,0
5.93770319649188,57,220331,3,9,1,1,24,0
10.8726051480454,57,220331,3,9,1,1,25,0
16.8850954837675,57,220331,3,9,1,1,26,0
-78.2700529017534,57,220331,3,12,1,1,1,0
-64.7781141382665,57,220331,3,12,1,1,2,0
-48.5253906024472,57,220331,3,12,1,1,3,0
-35.4042358949036,57,220331,3,12,1,1,4,0
-24.4074199882953,57,220331,3,12,1,1,5,0
-22.0124212155189,57,220331,3,12,1,1,6,0
-24.9385297422536,57,220331,3,12,1,1,7,0
-31.2101109997969,57,220331,3,12,1,1,8,0
-34.4818190324544,57,220331,3,12,1,1,9,0
-25.1161234895307,57,220331,3,12,1,1,10,0
-7.22894042340393,57,220331,3,12,1,1,11,0
0.838986502385775,57,220331,3,12,1,1,12,0
-12.4827373668946,57,220331,3,12,1,1,13,0
-39.0013044687054,57,220331,3,12,1,1,14,0
-68.1273957144416,57,220331,3,12,1,1,15,0
-90.2196129561512,57,220331,3,12,1,1,16,0
-104.225544647694,57,220331,3,12,1,1,17,0
-109.577441316421,57,220331,3,12,1,1,18,0
-110.802919887372,57,220331,3,12,1,1,19,0
-110.89864864457,57,220331,3,12,1,1,20,0
-108.096190065153,57,220331,3,12,1,1,21,0
-107.240807547686,57,220331,3,12,1,1,22,0
-112.077069034429,57,220331,3,12,1,1,23,0
-120.233382594269,57,220331,3,12,1,1,24,0
-126.747472894342,57,220331,3,12,1,1,25,0
-128.64586131776,57,220331,3,12,1,1,26,0
-225.944866523163,62,221008,1,1,1,1,1,0
-216.345364720811,62,221008,1,1,1,1,2,0
-212.62731834626,62,221008,1,1,1,1,3,0
-210.457473327784,62,221008,1,1,1,1,4,0
-203.290108422887,62,221008,1,1,1,1,5,0
-181.987028951661,62,221008,1,1,1,1,6,0
-145.678427755607,62,221008,1,1,1,1,7,0
-126.937679832873,62,221008,1,1,1,1,8,0
-145.804808268947,62,221008,1,1,1,1,9,0
-182.776956697494,62,221008,1,1,1,1,10,0
-200.524231292471,62,221008,1,1,1,1,11,0
-160.262133117009,62,221008,1,1,1,1,12,0
-77.3858658612587,62,221008,1,1,1,1,13,0
26.1629076716689,62,221008,1,1,1,1,14,0
138.837815982216,62,221008,1,1,1,1,15,0
257.013300104898,62,221008,1,1,1,1,16,0
365.251589163508,62,221008,1,1,1,1,17,0
419.069317708725,62,221008,1,1,1,1,18,0
395.140240153449,62,221008,1,1,1,1,19,0
273.066733043762,62,221008,1,1,1,1,20,0
126.223121769932,62,221008,1,1,1,1,21,0
-28.7744793341304,62,221008,1,1,1,1,22,0
-125.107840685306,62,221008,1,1,1,1,23,0
-172.120640921163,62,221008,1,1,1,1,24,0
-190.522365387298,62,221008,1,1,1,1,25,0
-200.444158926995,62,221008,1,1,1,1,26,0
80.9044012858813,62,221008,1,2,1,1,1,0
91.2107123729485,62,221008,1,2,1,1,2,0
96.5819498968622,62,221008,1,2,1,1,3,0
94.8000957358188,62,221008,1,2,1,1,4,0
86.2608743135987,62,221008,1,2,1,1,5,0
75.2699833456009,62,221008,1,2,1,1,6,0
65.9044746557535,62,221008,1,2,1,1,7,0
57.6880695990433,62,221008,1,2,1,1,8,0
49.9789250447327,62,221008,1,2,1,1,9,0
44.163330386334,62,221008,1,2,1,1,10,0
36.1926097736832,62,221008,1,2,1,1,11,0
27.6656975617372,62,221008,1,2,1,1,12,0
21.1629722955993,62,221008,1,2,1,1,13,0
19.3053573869926,62,221008,1,2,1,1,14,0
21.634144972066,62,221008,1,2,1,1,15,0
31.5506289819967,62,221008,1,2,1,1,16,0
44.7453798161907,62,221008,1,2,1,1,17,0
52.551161347891,62,221008,1,2,1,1,18,0
52.0805199140786,62,221008,1,2,1,1,19,0
44.4339093166379,62,221008,1,2,1,1,20,0
38.3621333927626,62,221008,1,2,1,1,21,0
41.0663598515708,62,221008,1,2,1,1,22,0
48.2491205906125,62,221008,1,2,1,1,23,0
55.1365422803049,62,221008,1,2,1,1,24,0
59.6325345165764,62,221008,1,2,1,1,25,0
61.0363046063128,62,221008,1,2,1,1,26,0
-44.9402154205146,62,221008,1,3,1,1,1,0
-66.419624102129,62,221008,1,3,1,1,2,0
-86.0565311921377,62,221008,1,3,1,1,3,0
-96.2009090114809,62,221008,1,3,1,1,4,0
-94.3164792530656,62,221008,1,3,1,1,5,0
-71.9341341809022,62,221008,1,3,1,1,6,0
-39.497021762099,62,221008,1,3,1,1,7,0
-10.4366112376756,62,221008,1,3,1,1,8,0
6.92678019496712,62,221008,1,3,1,1,9,0
13.8577587376537,62,221008,1,3,1,1,10,0
20.6366614040975,62,221008,1,3,1,1,11,0
32.3916983745187,62,221008,1,3,1,1,12,0
48.4999040498419,62,221008,1,3,1,1,13,0
62.6306894664028,62,221008,1,3,1,1,14,0
67.3741017176236,62,221008,1,3,1,1,15,0
63.0424983619406,62,221008,1,3,1,1,16,0
52.4567848992637,62,221008,1,3,1,1,17,0
38.2634666182299,62,221008,1,3,1,1,18,0
22.3130561929193,62,221008,1,3,1,1,19,0
2.13753662339192,62,221008,1,3,1,1,20,0
-18.3592064733782,62,221008,1,3,1,1,21,0
-27.7752610359903,62,221008,1,3,1,1,22,0
-27.8659093182555,62,221008,1,3,1,1,23,0
-20.4339545114437,62,221008,1,3,1,1,24,0
-9.39724171733862,62,221008,1,3,1,1,25,0
1.37100737679773,62,221008,1,3,1,1,26,0
21.8333701779498,62,221008,1,9,1,1,1,0
10.6073998046597,62,221008,1,9,1,1,2,0
-1.79040922941783,62,221008,1,9,1,1,3,0
-15.4896543841933,62,221008,1,9,1,1,4,0
-24.9609590041753,62,221008,1,9,1,1,5,0
-19.6588527129375,62,221008,1,9,1,1,6,0
-5.78556710028582,62,221008,1,9,1,1,7,0
18.2925890819135,62,221008,1,9,1,1,8,0
37.3846473958822,62,221008,1,9,1,1,9,0
44.1452768834931,62,221008,1,9,1,1,10,0
29.5039553151726,62,221008,1,9,1,1,11,0
7.68619932048715,62,221008,1,9,1,1,12,0
-15.2539220495316,62,221008,1,9,1,1,13,0
-29.3758929721604,62,221008,1,9,1,1,14,0
-35.351093050972,62,221008,1,9,1,1,15,0
-34.380893465727,62,221008,1,9,1,1,16,0
-31.1028596708824,62,221008,1,9,1,1,17,0
-29.8395934697442,62,221008,1,9,1,1,18,0
-31.8622831463429,62,221008,1,9,1,1,19,0
-35.6781725613475,62,221008,1,9,1,1,20,0
-45.799384242551,62,221008,1,9,1,1,21,0
-42.4297902820869,62,221008,1,9,1,1,22,0
-30.1846518209406,62,221008,1,9,1,1,23,0
-13.1823066629459,62,221008,1,9,1,1,24,0
3.4876217890785,62,221008,1,9,1,1,25,0
17.1230830591159,62,221008,1,9,1,1,26,0
82.6754403893324,62,221008,1,13,1,1,1,0
82.3381272848591,62,221008,1,13,1,1,2,0
79.6179566761316,62,221008,1,13,1,1,3,0
71.42376242125,62,221008,1,13,1,1,4,0
60.8252368293852,62,221008,1,13,1,1,5,0
54.3001847480454,62,221008,1,13,1,1,6,0
54.9434674512248,62,221008,1,13,1,1,7,0
62.5836938385453,62,221008,1,13,1,1,8,0
75.0166128478686,62,221008,1,13,1,1,9,0
84.4960026063183,62,221008,1,13,1,1,10,0
81.7579121341448,62,221008,1,13,1,1,11,0
63.4897159599089,62,221008,1,13,1,1,12,0
34.7017160402989,62,221008,1,13,1,1,13,0
5.09215284217142,62,221008,1,13,1,1,14,0
-18.1046924124821,62,221008,1,13,1,1,15,0
-30.3408255400895,62,221008,1,13,1,1,16,0
-32.4112228792632,62,221008,1,13,1,1,17,0
-27.7033043496835,62,221008,1,13,1,1,18,0
-16.6248525551453,62,221008,1,13,1,1,19,0
0.847322000035799,62,221008,1,13,1,1,20,0
23.8502249582994,62,221008,1,13,1,1,21,0
46.5109245908027,62,221008,1,13,1,1,22,0
62.7915421518361,62,221008,1,13,1,1,23,0
73.1424220028528,62,221008,1,13,1,1,24,0
79.3919859448465,62,221008,1,13,1,1,25,0
83.3954474043427,62,221008,1,13,1,1,26,0
64.2732377960731,62,221008,1,17,1,1,1,0
70.4819680555291,62,221008,1,17,1,1,2,0
67.78508326191,62,221008,1,17,1,1,3,0
60.6793505847996,62,221008,1,17,1,1,4,0
51.0569020340669,62,221008,1,17,1,1,5,0
44.9513488818383,62,221008,1,17,1,1,6,0
47.4092742229594,62,221008,1,17,1,1,7,0
50.2542710281337,62,221008,1,17,1,1,8,0
50.7439292761585,62,221008,1,17,1,1,9,0
46.9708564222632,62,221008,1,17,1,1,10,0
37.5858465955675,62,221008,1,17,1,1,11,0
29.5860331251782,62,221008,1,17,1,1,12,0
25.9905829643214,62,221008,1,17,1,1,13,0
27.4055806485883,62,221008,1,17,1,1,14,0
39.1501828681275,62,221008,1,17,1,1,15,0
55.4532319685849,62,221008,1,17,1,1,16,0
67.8636312485826,62,221008,1,17,1,1,17,0
67.3813335043981,62,221008,1,17,1,1,18,0
54.9272563104107,62,221008,1,17,1,1,19,0
39.477909289838,62,221008,1,17,1,1,20,0
23.1796881234464,62,221008,1,17,1,1,21,0
10.8998608335579,62,221008,1,17,1,1,22,0
0.570939106708786,62,221008,1,17,1,1,23,0
-7.31019723037244,62,221008,1,17,1,1,24,0
-13.674481592701,62,221008,1,17,1,1,25,0
-17.9604634643329,62,221008,1,17,1,1,26,0
78.898364158764,62,221008,1,36,1,1,1,0
77.1588189798456,62,221008,1,36,1,1,2,0
73.4288747353607,62,221008,1,36,1,1,3,0
67.4771198710486,62,221008,1,36,1,1,4,0
61.8316576830112,62,221008,1,36,1,1,5,0
61.0691959691189,62,221008,1,36,1,1,6,0
65.4688260051697,62,221008,1,36,1,1,7,0
77.7349750074764,62,221008,1,36,1,1,8,0
87.8023647412751,62,221008,1,36,1,1,9,0
92.3763102915929,62,221008,1,36,1,1,10,0
83.1660188654294,62,221008,1,36,1,1,11,0
65.7063244846453,62,221008,1,36,1,1,12,0
45.2828750715813,62,221008,1,36,1,1,13,0
30.4462255634308,62,221008,1,36,1,1,14,0
23.3351008102114,62,221008,1,36,1,1,15,0
22.8887134959152,62,221008,1,36,1,1,16,0
26.2893634929651,62,221008,1,36,1,1,17,0
27.4399473951964,62,221008,1,36,1,1,18,0
24.6120317796328,62,221008,1,36,1,1,19,0
17.6241671303601,62,221008,1,36,1,1,20,0
9.38335713242225,62,221008,1,36,1,1,21,0
10.1097020885797,62,221008,1,36,1,1,22,0
17.7778184124736,62,221008,1,36,1,1,23,0
28.8729028395993,62,221008,1,36,1,1,24,0
39.6487811020029,62,221008,1,36,1,1,25,0
48.2387697179388,62,221008,1,36,1,1,26,0
31.8462253099904,62,221009,2,7,1,1,1,0
29.9938947709963,62,221009,2,7,1,1,2,0
32.7533601795821,62,221009,2,7,1,1,3,0
39.0676321525145,62,221009,2,7,1,1,4,0
50.1979741345703,62,221009,2,7,1,1,5,0
57.3251257869679,62,221009,2,7,1,1,6,0
58.4628600900311,62,221009,2,7,1,1,7,0
57.222943761599,62,221009,2,7,1,1,8,0
54.8738200409144,62,221009,2,7,1,1,9,0
55.7044436485242,62,221009,2,7,1,1,10,0
58.9052466490985,62,221009,2,7,1,1,11,0
66.8227863796139,62,221009,2,7,1,1,12,0
72.2393667170239,62,221009,2,7,1,1,13,0
69.4378166551579,62,221009,2,7,1,1,14,0
54.5684474913401,62,221009,2,7,1,1,15,0
31.920264624765,62,221009,2,7,1,1,16,0
13.0802524421785,62,221009,2,7,1,1,17,0
3.06793212268737,62,221009,2,7,1,1,18,0
5.59618997561181,62,221009,2,7,1,1,19,0
12.0452164304803,62,221009,2,7,1,1,20,0
17.006331193985,62,221009,2,7,1,1,21,0
17.5540726704832,62,221009,2,7,1,1,22,0
15.1827487243565,62,221009,2,7,1,1,23,0
13.8905622406546,62,221009,2,7,1,1,24,0
16.7908548723304,62,221009,2,7,1,1,25,0
23.5971396711699,62,221009,2,7,1,1,26,0
-3.45781274390813,62,221010,3,6,1,1,1,0
-9.54423616119752,62,221010,3,6,1,1,2,0
-18.7898266159489,62,221010,3,6,1,1,3,0
-28.5851635928678,62,221010,3,6,1,1,4,0
-33.7567208658154,62,221010,3,6,1,1,5,0
-35.4870837666259,62,221010,3,6,1,1,6,0
-31.0892570891824,62,221010,3,6,1,1,7,0
-21.5274770954245,62,221010,3,6,1,1,8,0
-19.0564326975457,62,221010,3,6,1,1,9,0
-23.8652925764842,62,221010,3,6,1,1,10,0
-36.9264430562842,62,221010,3,6,1,1,11,0
-56.9246426917966,62,221010,3,6,1,1,12,0
-80.3640479250091,62,221010,3,6,1,1,13,0
-102.408787334901,62,221010,3,6,1,1,14,0
-117.763767342769,62,221010,3,6,1,1,15,0
-115.310564803402,62,221010,3,6,1,1,16,0
-91.6746600796659,62,221010,3,6,1,1,17,0
-55.3274782076371,62,221010,3,6,1,1,18,0
-18.8642927325158,62,221010,3,6,1,1,19,0
13.1937461778145,62,221010,3,6,1,1,20,0
51.0204442718657,62,221010,3,6,1,1,21,0
92.6372032850707,62,221010,3,6,1,1,22,0
129.088093729969,62,221010,3,6,1,1,23,0
155.139693709207,62,221010,3,6,1,1,24,0
170.192754861451,62,221010,3,6,1,1,25,0
176.400346700581,62,221010,3,6,1,1,26,0
-42.8318586650847,63,221007,1,1,1,1,1,0
-62.9112955716152,63,221007,1,1,1,1,2,0
-75.9081491477072,63,221007,1,1,1,1,3,0
-77.1476001195459,63,221007,1,1,1,1,4,0
-71.656711049521,63,221007,1,1,1,1,5,0
-58.6902087652444,63,221007,1,1,1,1,6,0
-43.9231335428862,63,221007,1,1,1,1,7,0
-21.5795347740173,63,221007,1,1,1,1,8,0
-18.9115698365457,63,221007,1,1,1,1,9,0
-30.1780185631191,63,221007,1,1,1,1,10,0
-44.070320107591,63,221007,1,1,1,1,11,0
-59.2561088963915,63,221007,1,1,1,1,12,0
-67.6829415484125,63,221007,1,1,1,1,13,0
-61.13865731395,63,221007,1,1,1,1,14,0
-39.5734531937092,63,221007,1,1,1,1,15,0
-11.2284992138801,63,221007,1,1,1,1,16,0
15.0772203320972,63,221007,1,1,1,1,17,0
29.1991020173005,63,221007,1,1,1,1,18,0
30.7130540575035,63,221007,1,1,1,1,19,0
20.92217714079,63,221007,1,1,1,1,20,0
7.8913466019289,63,221007,1,1,1,1,21,0
-4.52903021777294,63,221007,1,1,1,1,22,0
-16.4005763059987,63,221007,1,1,1,1,23,0
-26.7394897972018,63,221007,1,1,1,1,24,0
-32.8175453089713,63,221007,1,1,1,1,25,0
-33.9592274396698,63,221007,1,1,1,1,26,0
9.10836787419723,63,221007,1,5,1,1,1,0
-2.84808809401153,63,221007,1,5,1,1,2,0
-7.54791984752689,63,221007,1,5,1,1,3,0
-2.77915383793908,63,221007,1,5,1,1,4,0
10.7668073069937,63,221007,1,5,1,1,5,0
35.1893527641833,63,221007,1,5,1,1,6,0
69.5503197850376,63,221007,1,5,1,1,7,0
123.954639780227,63,221007,1,5,1,1,8,0
154.171361952923,63,221007,1,5,1,1,9,0
162.092958152937,63,221007,1,5,1,1,10,0
158.00302022065,63,221007,1,5,1,1,11,0
145.49678787186,63,221007,1,5,1,1,12,0
127.003347171935,63,221007,1,5,1,1,13,0
98.8850425082419,63,221007,1,5,1,1,14,0
62.0350578340873,63,221007,1,5,1,1,15,0
25.7104266017213,63,221007,1,5,1,1,16,0
0.657054476043673,63,221007,1,5,1,1,17,0
-9.85493369633927,63,221007,1,5,1,1,18,0
-6.91259377982482,63,221007,1,5,1,1,19,0
2.08925692322515,63,221007,1,5,1,1,20,0
18.7782494244589,63,221007,1,5,1,1,21,0
51.9629533869882,63,221007,1,5,1,1,22,0
92.5339713462043,63,221007,1,5,1,1,23,0
136.86482312488,63,221007,1,5,1,1,24,0
178.700607193538,63,221007,1,5,1,1,25,0
214.12404917217,63,221007,1,5,1,1,26,0
64.2015708321215,63,221007,1,6,1,1,1,0
83.9262973608086,63,221007,1,6,1,1,2,0
92.2022462878128,63,221007,1,6,1,1,3,0
87.9362852592144,63,221007,1,6,1,1,4,0
74.4572259466636,63,221007,1,6,1,1,5,0
53.3168290973834,63,221007,1,6,1,1,6,0
42.947349976895,63,221007,1,6,1,1,7,0
25.0966494436329,63,221007,1,6,1,1,8,0
-1.91026205520458,63,221007,1,6,1,1,9,0
-27.7005921477322,63,221007,1,6,1,1,10,0
-49.0080057557803,63,221007,1,6,1,1,11,0
-61.7715210316836,63,221007,1,6,1,1,12,0
-68.4820535842341,63,221007,1,6,1,1,13,0
-72.9653777316906,63,221007,1,6,1,1,14,0
-73.8192879376226,63,221007,1,6,1,1,15,0
-63.4519108802847,63,221007,1,6,1,1,16,0
-39.9307479661003,63,221007,1,6,1,1,17,0
-8.73045456246442,63,221007,1,6,1,1,18,0
6.86624820677881,63,221007,1,6,1,1,19,0
-0.0492734983608134,63,221007,1,6,1,1,20,0
-10.1824842986515,63,221007,1,6,1,1,21,0
-6.18977603365649,63,221007,1,6,1,1,22,0
9.98532405189662,63,221007,1,6,1,1,23,0
29.827457679424,63,221007,1,6,1,1,24,0
45.2527847218609,63,221007,1,6,1,1,25,0
53.9684462065995,63,221007,1,6,1,1,26,0
-200.941707307546,63,221008,2,1,1,1,1,0
-201.879750702485,63,221008,2,1,1,1,2,0
-197.737146726484,63,221008,2,1,1,1,3,0
-179.772613658382,63,221008,2,1,1,1,4,0
-157.211470199557,63,221008,2,1,1,1,5,0
-131.731642539551,63,221008,2,1,1,1,6,0
-108.928458463748,63,221008,2,1,1,1,7,0
-96.8649912851953,63,221008,2,1,1,1,8,0
-99.4429624289644,63,221008,2,1,1,1,9,0
-105.86144682394,63,221008,2,1,1,1,10,0
-117.032905849017,63,221008,2,1,1,1,11,0
-135.283536490152,63,221008,2,1,1,1,12,0
-161.503234503759,63,221008,2,1,1,1,13,0
-189.442048783968,63,221008,2,1,1,1,14,0
-204.335747267301,63,221008,2,1,1,1,15,0
-198.610317755734,63,221008,2,1,1,1,16,0
-175.312092577641,63,221008,2,1,1,1,17,0
-143.74072154144,63,221008,2,1,1,1,18,0
-111.901809572645,63,221008,2,1,1,1,19,0
-97.8356456744727,63,221008,2,1,1,1,20,0
-96.0104366677947,63,221008,2,1,1,1,21,0
-97.8168876804036,63,221008,2,1,1,1,22,0
-96.5210025916002,63,221008,2,1,1,1,23,0
-82.5128345941091,63,221008,2,1,1,1,24,0
-57.5514556739992,63,221008,2,1,1,1,25,0
-27.5015254598145,63,221008,2,1,1,1,26,0
-61.4161172276913,63,221008,2,2,1,1,1,0
-68.5524713326057,63,221008,2,2,1,1,2,0
-74.7446665487335,63,221008,2,2,1,1,3,0
-73.9254436065388,63,221008,2,2,1,1,4,0
-68.1757190885201,63,221008,2,2,1,1,5,0
-57.4646527909765,63,221008,2,2,1,1,6,0
-46.3295186630745,63,221008,2,2,1,1,7,0
-38.619798289373,63,221008,2,2,1,1,8,0
-40.4891118295459,63,221008,2,2,1,1,9,0
-47.8272450623114,63,221008,2,2,1,1,10,0
-62.2775001016887,63,221008,2,2,1,1,11,0
-83.085786737453,63,221008,2,2,1,1,12,0
-105.431429613724,63,221008,2,2,1,1,13,0
-122.665301770615,63,221008,2,2,1,1,14,0
-128.572538650469,63,221008,2,2,1,1,15,0
-125.613631352273,63,221008,2,2,1,1,16,0
-116.486224677252,63,221008,2,2,1,1,17,0
-103.171082061681,63,221008,2,2,1,1,18,0
-84.0614975718185,63,221008,2,2,1,1,19,0
-64.9622008054077,63,221008,2,2,1,1,20,0
-45.1700209548883,63,221008,2,2,1,1,21,0
-28.2093507322741,63,221008,2,2,1,1,22,0
-15.7466730106054,63,221008,2,2,1,1,23,0
-5.4803763386397,63,221008,2,2,1,1,24,0
3.79334746320726,63,221008,2,2,1,1,25,0
12.8779895915157,63,221008,2,2,1,1,26,0
120.575687686038,63,221009,3,7,1,1,1,0
108.796760188206,63,221009,3,7,1,1,2,0
79.8777689958275,63,221009,3,7,1,1,3,0
40.4277722637608,63,221009,3,7,1,1,4,0
-0.469841501095603,63,221009,3,7,1,1,5,0
-30.1679053356762,63,221009,3,7,1,1,6,0
-44.0163203332978,63,221009,3,7,1,1,7,0
-53.9855431397186,63,221009,3,7,1,1,8,0
-66.857517226915,63,221009,3,7,1,1,9,0
-71.4589723340246,63,221009,3,7,1,1,10,0
-65.6570461922958,63,221009,3,7,1,1,11,0
-49.6811767993472,63,221009,3,7,1,1,12,0
-32.5682265643048,63,221009,3,7,1,1,13,0
-16.911605172665,63,221009,3,7,1,1,14,0
1.47066746833558,63,221009,3,7,1,1,15,0
29.9492885042898,63,221009,3,7,1,1,16,0
59.6345215771332,63,221009,3,7,1,1,17,0
73.2556382973014,63,221009,3,7,1,1,18,0
61.4842664864782,63,221009,3,7,1,1,19,0
23.8590054412987,63,221009,3,7,1,1,20,0
-19.6084676662303,63,221009,3,7,1,1,21,0
-57.378895703692,63,221009,3,7,1,1,22,0
-79.8247384543316,63,221009,3,7,1,1,23,0
-89.9580673317872,63,221009,3,7,1,1,24,0
-91.3676069158102,63,221009,3,7,1,1,25,0
-88.6690100688916,63,221009,3,7,1,1,26,0
107.213660496831,63,221009,3,8,1,1,1,0
89.7075042577458,63,221009,3,8,1,1,2,0
65.5714451570214,63,221009,3,8,1,1,3,0
42.1291212520811,63,221009,3,8,1,1,4,0
21.5818123129488,63,221009,3,8,1,1,5,0
6.14622688392445,63,221009,3,8,1,1,6,0
-8.30332052822554,63,221009,3,8,1,1,7,0
-24.8440796015942,63,221009,3,8,1,1,8,0
-42.9008222182788,63,221009,3,8,1,1,9,0
-56.3225368614242,63,221009,3,8,1,1,10,0
-67.6253856756936,63,221009,3,8,1,1,11,0
-77.1948742982055,63,221009,3,8,1,1,12,0
-83.639656560459,63,221009,3,8,1,1,13,0
-83.4113277713837,63,221009,3,8,1,1,14,0
-74.5642854235785,63,221009,3,8,1,1,15,0
-56.7105763002862,63,221009,3,8,1,1,16,0
-31.194076754597,63,221009,3,8,1,1,17,0
-5.90767220487963,63,221009,3,8,1,1,18,0
12.7384718624584,63,221009,3,8,1,1,19,0
23.3922441681713,63,221009,3,8,1,1,20,0
27.2097922965519,63,221009,3,8,1,1,21,0
33.0956494183156,63,221009,3,8,1,1,22,0
42.4841899836753,63,221009,3,8,1,1,23,0
54.5198304117411,63,221009,3,8,1,1,24,0
65.0167337872577,63,221009,3,8,1,1,25,0
73.3619183848345,63,221009,3,8,1,1,26,0
-24.8009807413021,63,221009,3,9,1,1,1,0
-25.7354297194078,63,221009,3,9,1,1,2,0
-26.2241115530671,63,221009,3,9,1,1,3,0
-24.0369926813445,63,221009,3,9,1,1,4,0
-16.9259095329102,63,221009,3,9,1,1,5,0
-5.35665930423398,63,221009,3,9,1,1,6,0
13.6756622063118,63,221009,3,9,1,1,7,0
28.9575088307987,63,221009,3,9,1,1,8,0
30.6228032854991,63,221009,3,9,1,1,9,0
22.7202859834079,63,221009,3,9,1,1,10,0
13.6639001321291,63,221009,3,9,1,1,11,0
8.83660688331628,63,221009,3,9,1,1,12,0
6.78444706584046,63,221009,3,9,1,1,13,0
6.28544487342297,63,221009,3,9,1,1,14,0
8.17024050590697,63,221009,3,9,1,1,15,0
14.4848693648346,63,221009,3,9,1,1,16,0
24.6899180004712,63,221009,3,9,1,1,17,0
34.2256120054136,63,221009,3,9,1,1,18,0
38.6941258029275,63,221009,3,9,1,1,19,0
37.2216856795884,63,221009,3,9,1,1,20,0
32.1446585305145,63,221009,3,9,1,1,21,0
26.2953283036882,63,221009,3,9,1,1,22,0
22.8318533622679,63,221009,3,9,1,1,23,0
22.6414588554445,63,221009,3,9,1,1,24,0
25.2885932342969,63,221009,3,9,1,1,25,0
28.877578392911,63,221009,3,9,1,1,26,0
-53.2940070813536,63,221009,3,22,1,1,1,0
-54.7556116732104,63,221009,3,22,1,1,2,0
-55.3628322006911,63,221009,3,22,1,1,3,0
-54.2586122664955,63,221009,3,22,1,1,4,0
-53.7469870377,63,221009,3,22,1,1,5,0
-54.6895977128643,63,221009,3,22,1,1,6,0
-58.4556271153734,63,221009,3,22,1,1,7,0
-63.9548488807057,63,221009,3,22,1,1,8,0
-68.4108120812586,63,221009,3,22,1,1,9,0
-78.6876758743617,63,221009,3,22,1,1,10,0
-95.386992641401,63,221009,3,22,1,1,11,0
-114.285641877934,63,221009,3,22,1,1,12,0
-124.423664733461,63,221009,3,22,1,1,13,0
-114.613282894983,63,221009,3,22,1,1,14,0
-89.7833047783019,63,221009,3,22,1,1,15,0
-56.0635436749413,63,221009,3,22,1,1,16,0
-17.7856580470606,63,221009,3,22,1,1,17,0
11.0155555651883,63,221009,3,22,1,1,18,0
25.2642954702761,63,221009,3,22,1,1,19,0
26.4024114933283,63,221009,3,22,1,1,20,0
17.0372897813367,63,221009,3,22,1,1,21,0
16.9373771604663,63,221009,3,22,1,1,22,0
24.1630773715868,63,221009,3,22,1,1,23,0
47.9995048700328,63,221009,3,22,1,1,24,0
90.8976092681851,63,221009,3,22,1,1,25,0
143.467064157054,63,221009,3,22,1,1,26,0
11.424978185482,65,221018,1,23,1,1,1,0
36.4049266709742,65,221018,1,23,1,1,2,0
46.1036724360518,65,221018,1,23,1,1,3,0
40.1103361543078,65,221018,1,23,1,1,4,0
16.4830677406506,65,221018,1,23,1,1,5,0
-12.5057746863673,65,221018,1,23,1,1,6,0
-34.3739712822323,65,221018,1,23,1,1,7,0
-39.7716332564574,65,221018,1,23,1,1,8,0
-25.5334490767839,65,221018,1,23,1,1,9,0
-12.4319525420846,65,221018,1,23,1,1,10,0
-2.45661917861448,65,221018,1,23,1,1,11,0
8.17598337934772,65,221018,1,23,1,1,12,0
23.34311312364,65,221018,1,23,1,1,13,0
33.4570650150077,65,221018,1,23,1,1,14,0
27.5545414466108,65,221018,1,23,1,1,15,0
-10.5227827116697,65,221018,1,23,1,1,16,0
-81.1638142075855,65,221018,1,23,1,1,17,0
-165.122534133364,65,221018,1,23,1,1,18,0
-238.014270584035,65,221018,1,23,1,1,19,0
-280.630902172574,65,221018,1,23,1,1,20,0
-304.168773033,65,221018,1,23,1,1,21,0
-322.195368661937,65,221018,1,23,1,1,22,0
-330.716232257399,65,221018,1,23,1,1,23,0
-327.736410262271,65,221018,1,23,1,1,24,0
-317.150494558591,65,221018,1,23,1,1,25,0
-304.134857191532,65,221018,1,23,1,1,26,0
-38.2931005089455,65,221019,2,1,1,1,1,0
-46.4625203499348,65,221019,2,1,1,1,2,0
-56.0764539256995,65,221019,2,1,1,1,3,0
-57.9704489013124,65,221019,2,1,1,1,4,0
-52.6717689781836,65,221019,2,1,1,1,5,0
-48.9972973946981,65,221019,2,1,1,1,6,0
-50.2004334885997,65,221019,2,1,1,1,7,0
-63.2897850892098,65,221019,2,1,1,1,8,0
-108.820953818602,65,221019,2,1,1,1,9,0
-145.947664148562,65,221019,2,1,1,1,10,0
-181.025878178641,65,221019,2,1,1,1,11,0
-216.886505261076,65,221019,2,1,1,1,12,0
-232.32773774344,65,221019,2,1,1,1,13,0
-204.348295978155,65,221019,2,1,1,1,14,0
-150.015515520863,65,221019,2,1,1,1,15,0
-104.941213757836,65,221019,2,1,1,1,16,0
-93.7615238934607,65,221019,2,1,1,1,17,0
-122.873058601807,65,221019,2,1,1,1,18,0
-169.882599476487,65,221019,2,1,1,1,19,0
-207.415469217038,65,221019,2,1,1,1,20,0
-224.027899460183,65,221019,2,1,1,1,21,0
-235.482384956534,65,221019,2,1,1,1,22,0
-244.921022806957,65,221019,2,1,1,1,23,0
-256.176583685402,65,221019,2,1,1,1,24,0
-268.397058174297,65,221019,2,1,1,1,25,0
-282.457861756921,65,221019,2,1,1,1,26,0
