DataY,AnimalID,RecDate,NovelDay,CellID,CellType,Environ,PosBin,StimCond
NaN,57,220329,1,7,1,1,1,0
NaN,57,220329,1,7,1,1,2,0
NaN,57,220329,1,7,1,1,3,0
NaN,57,220329,1,7,1,1,4,0
NaN,57,220329,1,7,1,1,5,0
NaN,57,220329,1,7,1,1,6,0
NaN,57,220329,1,7,1,1,7,0
NaN,57,220329,1,7,1,1,8,0
NaN,57,220329,1,7,1,1,9,0
NaN,57,220329,1,7,1,1,10,0
NaN,57,220329,1,7,1,1,11,0
NaN,57,220329,1,7,1,1,12,0
NaN,57,220329,1,7,1,1,13,0
NaN,57,220329,1,7,1,1,14,0
NaN,57,220329,1,7,1,1,15,0
NaN,57,220329,1,7,1,1,16,0
NaN,57,220329,1,7,1,1,17,0
NaN,57,220329,1,7,1,1,18,0
NaN,57,220329,1,7,1,1,19,0
NaN,57,220329,1,7,1,1,20,0
NaN,57,220329,1,7,1,1,21,0
NaN,57,220329,1,7,1,1,22,0
NaN,57,220329,1,7,1,1,23,0
NaN,57,220329,1,7,1,1,24,0
NaN,57,220329,1,7,1,1,25,0
NaN,57,220329,1,7,1,1,26,0
NaN,57,220329,1,8,1,1,1,0
NaN,57,220329,1,8,1,1,2,0
NaN,57,220329,1,8,1,1,3,0
NaN,57,220329,1,8,1,1,4,0
NaN,57,220329,1,8,1,1,5,0
NaN,57,220329,1,8,1,1,6,0
NaN,57,220329,1,8,1,1,7,0
NaN,57,220329,1,8,1,1,8,0
NaN,57,220329,1,8,1,1,9,0
NaN,57,220329,1,8,1,1,10,0
NaN,57,220329,1,8,1,1,11,0
NaN,57,220329,1,8,1,1,12,0
NaN,57,220329,1,8,1,1,13,0
NaN,57,220329,1,8,1,1,14,0
NaN,57,220329,1,8,1,1,15,0
NaN,57,220329,1,8,1,1,16,0
NaN,57,220329,1,8,1,1,17,0
NaN,57,220329,1,8,1,1,18,0
NaN,57,220329,1,8,1,1,19,0
NaN,57,220329,1,8,1,1,20,0
NaN,57,220329,1,8,1,1,21,0
NaN,57,220329,1,8,1,1,22,0
NaN,57,220329,1,8,1,1,23,0
NaN,57,220329,1,8,1,1,24,0
NaN,57,220329,1,8,1,1,25,0
NaN,57,220329,1,8,1,1,26,0
-1.48136395289438,57,220330,2,1,1,1,1,0
15.3044662442321,57,220330,2,1,1,1,2,0
26.0713566054128,57,220330,2,1,1,1,3,0
24.46484787817,57,220330,2,1,1,1,4,0
21.4102065400606,57,220330,2,1,1,1,5,0
24.3003257024297,57,220330,2,1,1,1,6,0
39.9084005439039,57,220330,2,1,1,1,7,0
53.3629325978078,57,220330,2,1,1,1,8,0
39.8476792695116,57,220330,2,1,1,1,9,0
5.4076913851273,57,220330,2,1,1,1,10,0
7.28889556216954,57,220330,2,1,1,1,11,0
58.9819167121155,57,220330,2,1,1,1,12,0
111.908978554773,57,220330,2,1,1,1,13,0
148.233704125023,57,220330,2,1,1,1,14,0
178.522188989779,57,220330,2,1,1,1,15,0
193.100434152367,57,220330,2,1,1,1,16,0
171.377262121675,57,220330,2,1,1,1,17,0
118.679192931352,57,220330,2,1,1,1,18,0
61.7033997329409,57,220330,2,1,1,1,19,0
25.3138252902241,57,220330,2,1,1,1,20,0
14.1869999043811,57,220330,2,1,1,1,21,0
16.3965281208272,57,220330,2,1,1,1,22,0
13.7218124196255,57,220330,2,1,1,1,23,0
-8.80489519184775,57,220330,2,1,1,1,24,0
-51.1577667746213,57,220330,2,1,1,1,25,0
-102.53616435335,57,220330,2,1,1,1,26,0
-23.7149338960111,57,220330,2,4,1,1,1,0
-13.9776205713544,57,220330,2,4,1,1,2,0
-4.31317328652374,57,220330,2,4,1,1,3,0
7.13750866795515,57,220330,2,4,1,1,4,0
13.1755886655484,57,220330,2,4,1,1,5,0
20.220923283194,57,220330,2,4,1,1,6,0
30.8327283697617,57,220330,2,4,1,1,7,0
58.3805787194007,57,220330,2,4,1,1,8,0
98.697387076309,57,220330,2,4,1,1,9,0
127.729718758157,57,220330,2,4,1,1,10,0
51.6757302716323,57,220330,2,4,1,1,11,0
-76.4560177431106,57,220330,2,4,1,1,12,0
-182.79143832584,57,220330,2,4,1,1,13,0
-210.774706839462,57,220330,2,4,1,1,14,0
-174.133922696164,57,220330,2,4,1,1,15,0
-117.046237701354,57,220330,2,4,1,1,16,0
-66.8252721193655,57,220330,2,4,1,1,17,0
-27.3253235898676,57,220330,2,4,1,1,18,0
13.9042597007698,57,220330,2,4,1,1,19,0
51.463773661276,57,220330,2,4,1,1,20,0
76.9058855130443,57,220330,2,4,1,1,21,0
71.3264877457637,57,220330,2,4,1,1,22,0
49.4117235984659,57,220330,2,4,1,1,23,0
17.5685609150754,57,220330,2,4,1,1,24,0
-17.0379625685224,57,220330,2,4,1,1,25,0
-52.0390120830686,57,220330,2,4,1,1,26,0
7.0805035426485,57,220330,2,7,1,1,1,0
0.380597818615374,57,220330,2,7,1,1,2,0
-2.62573372875678,57,220330,2,7,1,1,3,0
-0.880255669090135,57,220330,2,7,1,1,4,0
5.8086440833273,57,220330,2,7,1,1,5,0
14.7199767406009,57,220330,2,7,1,1,6,0
21.8327917636432,57,220330,2,7,1,1,7,0
24.8515259313708,57,220330,2,7,1,1,8,0
23.5334427010388,57,220330,2,7,1,1,9,0
21.0874184922915,57,220330,2,7,1,1,10,0
17.6591326572416,57,220330,2,7,1,1,11,0
19.2385426356095,57,220330,2,7,1,1,12,0
22.8117691496072,57,220330,2,7,1,1,13,0
25.8283209114266,57,220330,2,7,1,1,14,0
26.7909019134017,57,220330,2,7,1,1,15,0
29.6918868025591,57,220330,2,7,1,1,16,0
36.188954740757,57,220330,2,7,1,1,17,0
46.6890442239367,57,220330,2,7,1,1,18,0
56.3285868335778,57,220330,2,7,1,1,19,0
63.5049451988597,57,220330,2,7,1,1,20,0
67.6917535483475,57,220330,2,7,1,1,21,0
66.8652393620622,57,220330,2,7,1,1,22,0
64.7214808660503,57,220330,2,7,1,1,23,0
62.3235112632333,57,220330,2,7,1,1,24,0
60.1635857693036,57,220330,2,7,1,1,25,0
57.3061614803043,57,220330,2,7,1,1,26,0
81.3506946845713,57,220330,2,11,1,1,1,0
130.243680055354,57,220330,2,11,1,1,2,0
164.08083374562,57,220330,2,11,1,1,3,0
177.65510274665,57,220330,2,11,1,1,4,0
165.454859724601,57,220330,2,11,1,1,5,0
132.730890255793,57,220330,2,11,1,1,6,0
95.2498926206914,57,220330,2,11,1,1,7,0
66.9341643509436,57,220330,2,11,1,1,8,0
34.5623001649261,57,220330,2,11,1,1,9,0
-6.74137355891616,57,220330,2,11,1,1,10,0
-73.093835993697,57,220330,2,11,1,1,11,0
-158.63506661167,57,220330,2,11,1,1,12,0
-231.552618437123,57,220330,2,11,1,1,13,0
-239.513830140169,57,220330,2,11,1,1,14,0
-175.387678280591,57,220330,2,11,1,1,15,0
-103.740591378208,57,220330,2,11,1,1,16,0
-75.1148356044295,57,220330,2,11,1,1,17,0
-83.8476387287477,57,220330,2,11,1,1,18,0
-90.3132916276727,57,220330,2,11,1,1,19,0
-84.6614471805433,57,220330,2,11,1,1,20,0
-69.8908039009484,57,220330,2,11,1,1,21,0
-68.5180337341576,57,220330,2,11,1,1,22,0
-83.2895603776784,57,220330,2,11,1,1,23,0
-112.224801216808,57,220330,2,11,1,1,24,0
-148.406461018827,57,220330,2,11,1,1,25,0
-184.289699226614,57,220330,2,11,1,1,26,0
-34.6955114301512,57,220331,3,6,1,1,1,0
-21.8649291537562,57,220331,3,6,1,1,2,0
-11.5544844968409,57,220331,3,6,1,1,3,0
-2.28309377946694,57,220331,3,6,1,1,4,0
5.16152563339477,57,220331,3,6,1,1,5,0
9.83276133242352,57,220331,3,6,1,1,6,0
20.6911552782251,57,220331,3,6,1,1,7,0
34.1759350402127,57,220331,3,6,1,1,8,0
45.2895248202239,57,220331,3,6,1,1,9,0
55.33177698171,57,220331,3,6,1,1,10,0
54.1467356685951,57,220331,3,6,1,1,11,0
35.2126767795972,57,220331,3,6,1,1,12,0
-3.16910755599414,57,220331,3,6,1,1,13,0
-34.5463481560045,57,220331,3,6,1,1,14,0
-34.7077713463779,57,220331,3,6,1,1,15,0
-21.0014208017915,57,220331,3,6,1,1,16,0
-9.43269083334625,57,220331,3,6,1,1,17,0
4.53444826713475,57,220331,3,6,1,1,18,0
29.5270475393063,57,220331,3,6,1,1,19,0
59.1773970048334,57,220331,3,6,1,1,20,0
69.2048507631009,57,220331,3,6,1,1,21,0
58.4575129978909,57,220331,3,6,1,1,22,0
31.5180789172784,57,220331,3,6,1,1,23,0
4.09541091384957,57,220331,3,6,1,1,24,0
-13.9741102008271,57,220331,3,6,1,1,25,0
-17.9311769883511,57,220331,3,6,1,1,26,0
58.435304304706,57,220331,3,7,1,1,1,0
62.4722896073963,57,220331,3,7,1,1,2,0
63.6707172622549,57,220331,3,7,1,1,3,0
56.365396410591,57,220331,3,7,1,1,4,0
43.5428027737753,57,220331,3,7,1,1,5,0
30.385141284366,57,220331,3,7,1,1,6,0
28.1992257571728,57,220331,3,7,1,1,7,0
31.8538378973627,57,220331,3,7,1,1,8,0
32.7059244014952,57,220331,3,7,1,1,9,0
21.1870759683333,57,220331,3,7,1,1,10,0
3.37951272668401,57,220331,3,7,1,1,11,0
-18.1970308676295,57,220331,3,7,1,1,12,0
-35.3714152891741,57,220331,3,7,1,1,13,0
-46.4561877704538,57,220331,3,7,1,1,14,0
-46.8178196585691,57,220331,3,7,1,1,15,0
-37.3114932762336,57,220331,3,7,1,1,16,0
-27.2543330009604,57,220331,3,7,1,1,17,0
-21.1080671209505,57,220331,3,7,1,1,18,0
-25.7478832230893,57,220331,3,7,1,1,19,0
-41.6115717567013,57,220331,3,7,1,1,20,0
-62.4391715677086,57,220331,3,7,1,1,21,0
-79.875889953299,57,220331,3,7,1,1,22,0
-90.8031985889481,57,220331,3,7,1,1,23,0
-95.2870598797732,57,220331,3,7,1,1,24,0
-96.9157260004873,57,220331,3,7,1,1,25,0
-96.8092334545732,57,220331,3,7,1,1,26,0
-16.1736186399351,57,220331,3,8,1,1,1,0
-11.595624122254,57,220331,3,8,1,1,2,0
-6.90103192474286,57,220331,3,8,1,1,3,0
-3.15534643066941,57,220331,3,8,1,1,4,0
-1.2454554492224,57,220331,3,8,1,1,5,0
-3.6522276465319,57,220331,3,8,1,1,6,0
-9.06653319854726,57,220331,3,8,1,1,7,0
-18.0540954771113,57,220331,3,8,1,1,8,0
-27.4999399871007,57,220331,3,8,1,1,9,0
-31.1107985030717,57,220331,3,8,1,1,10,0
-29.889820169608,57,220331,3,8,1,1,11,0
-22.2898151014251,57,220331,3,8,1,1,12,0
-12.9916192980375,57,220331,3,8,1,1,13,0
-6.45359013351077,57,220331,3,8,1,1,14,0
-5.08471109268877,57,220331,3,8,1,1,15,0
-6.00066052412926,57,220331,3,8,1,1,16,0
-6.39053236269555,57,220331,3,8,1,1,17,0
-2.7237862282077,57,220331,3,8,1,1,18,0
2.27197928978517,57,220331,3,8,1,1,19,0
5.54661911529488,57,220331,3,8,1,1,20,0
6.20525336346281,57,220331,3,8,1,1,21,0
5.69418834020597,57,220331,3,8,1,1,22,0
5.94765484396995,57,220331,3,8,1,1,23,0
6.33387660939581,57,220331,3,8,1,1,24,0
6.79133479840366,57,220331,3,8,1,1,25,0
6.74117895861574,57,220331,3,8,1,1,26,0
7.07537095315761,57,220331,3,9,1,1,1,0
10.9487242916076,57,220331,3,9,1,1,2,0
13.2176962165394,57,220331,3,9,1,1,3,0
16.2994846529279,57,220331,3,9,1,1,4,0
20.4157996006965,57,220331,3,9,1,1,5,0
23.1915378708667,57,220331,3,9,1,1,6,0
24.3444435255653,57,220331,3,9,1,1,7,0
23.9421370114176,57,220331,3,9,1,1,8,0
19.0892181960436,57,220331,3,9,1,1,9,0
14.8301636154604,57,220331,3,9,1,1,10,0
8.97113394296333,57,220331,3,9,1,1,11,0
4.72829413970737,57,220331,3,9,1,1,12,0
2.35976339859304,57,220331,3,9,1,1,13,0
0.430044361868715,57,220331,3,9,1,1,14,0
-1.19463400366516,57,220331,3,9,1,1,15,0
-1.23423680993827,57,220331,3,9,1,1,16,0
0.510633323703681,57,220331,3,9,1,1,17,0
4.84000634410081,57,220331,3,9,1,1,18,0
11.4218677487969,57,220331,3,9,1,1,19,0
16.9742575534267,57,220331,3,9,1,1,20,0
23.0543289400606,57,220331,3,9,1,1,21,0
27.3585862966364,57,220331,3,9,1,1,22,0
30.8907411522407,57,220331,3,9,1,1,23,0
33.6776389703894,57,220331,3,9,1,1,24,0
36.1384331747035,57,220331,3,9,1,1,25,0
38.3644796255004,57,220331,3,9,1,1,26,0
42.441925057145,57,220331,3,12,1,1,1,0
55.3700345708019,57,220331,3,12,1,1,2,0
68.9229861934575,57,220331,3,12,1,1,3,0
79.630258760239,57,220331,3,12,1,1,4,0
87.5243256832679,57,220331,3,12,1,1,5,0
86.7577757763069,57,220331,3,12,1,1,6,0
82.4966850609466,57,220331,3,12,1,1,7,0
73.7716599326852,57,220331,3,12,1,1,8,0
64.0708366327217,57,220331,3,12,1,1,9,0
59.2664151319667,57,220331,3,12,1,1,10,0
52.0843684549744,57,220331,3,12,1,1,11,0
39.3798913211477,57,220331,3,12,1,1,12,0
17.1101242044674,57,220331,3,12,1,1,13,0
-11.8519994673363,57,220331,3,12,1,1,14,0
-35.823134768515,57,220331,3,12,1,1,15,0
-49.9307106499938,57,220331,3,12,1,1,16,0
-60.8876833095612,57,220331,3,12,1,1,17,0
-71.7075192243903,57,220331,3,12,1,1,18,0
-86.0589736390548,57,220331,3,12,1,1,19,0
-99.7082750599534,57,220331,3,12,1,1,20,0
-108.580733574189,57,220331,3,12,1,1,21,0
-114.577406785468,57,220331,3,12,1,1,22,0
-117.801073731852,57,220331,3,12,1,1,23,0
-124.49830242914,57,220331,3,12,1,1,24,0
-138.309808759862,57,220331,3,12,1,1,25,0
-157.124671565977,57,220331,3,12,1,1,26,0
-259.196206439047,62,221008,1,1,1,1,1,0
-234.689791035673,62,221008,1,1,1,1,2,0
-163.408049727366,62,221008,1,1,1,1,3,0
-81.4027694155972,62,221008,1,1,1,1,4,0
-0.00354981348303918,62,221008,1,1,1,1,5,0
50.4838939796063,62,221008,1,1,1,1,6,0
68.20315837517,62,221008,1,1,1,1,7,0
62.6612686252097,62,221008,1,1,1,1,8,0
40.3563497984708,62,221008,1,1,1,1,9,0
-2.1615885239014,62,221008,1,1,1,1,10,0
-52.0396411890533,62,221008,1,1,1,1,11,0
-98.1357634410843,62,221008,1,1,1,1,12,0
-115.131088111503,62,221008,1,1,1,1,13,0
-109.542106056963,62,221008,1,1,1,1,14,0
-100.227961651261,62,221008,1,1,1,1,15,0
-95.9192170857228,62,221008,1,1,1,1,16,0
-90.3748185538332,62,221008,1,1,1,1,17,0
-85.0098073620231,62,221008,1,1,1,1,18,0
-79.2106638031257,62,221008,1,1,1,1,19,0
-75.2372909261413,62,221008,1,1,1,1,20,0
-80.117261710762,62,221008,1,1,1,1,21,0
-76.5294394671508,62,221008,1,1,1,1,22,0
-65.5709187655661,62,221008,1,1,1,1,23,0
-38.1312131339026,62,221008,1,1,1,1,24,0
1.0055341369657,62,221008,1,1,1,1,25,0
46.332750273266,62,221008,1,1,1,1,26,0
14.6579397494927,62,221008,1,2,1,1,1,0
26.0924163482592,62,221008,1,2,1,1,2,0
42.1803804672494,62,221008,1,2,1,1,3,0
64.3853191552183,62,221008,1,2,1,1,4,0
86.0897367422498,62,221008,1,2,1,1,5,0
102.784721362079,62,221008,1,2,1,1,6,0
110.066328285146,62,221008,1,2,1,1,7,0
107.984699281671,62,221008,1,2,1,1,8,0
100.616754581409,62,221008,1,2,1,1,9,0
89.4919322900892,62,221008,1,2,1,1,10,0
78.4066351960164,62,221008,1,2,1,1,11,0
69.0598633516768,62,221008,1,2,1,1,12,0
62.4606989475941,62,221008,1,2,1,1,13,0
60.5071237496223,62,221008,1,2,1,1,14,0
61.3740656058589,62,221008,1,2,1,1,15,0
63.4523010604744,62,221008,1,2,1,1,16,0
68.2980928275129,62,221008,1,2,1,1,17,0
74.9135030585792,62,221008,1,2,1,1,18,0
84.2205641334971,62,221008,1,2,1,1,19,0
94.5742714038483,62,221008,1,2,1,1,20,0
103.770752587001,62,221008,1,2,1,1,21,0
108.079375224814,62,221008,1,2,1,1,22,0
106.296726755236,62,221008,1,2,1,1,23,0
98.9738902072801,62,221008,1,2,1,1,24,0
89.6585393222511,62,221008,1,2,1,1,25,0
81.28195022319,62,221008,1,2,1,1,26,0
-53.0351580891779,62,221008,1,3,1,1,1,0
-55.9450023486445,62,221008,1,3,1,1,2,0
-49.9226356953574,62,221008,1,3,1,1,3,0
-28.7701994059239,62,221008,1,3,1,1,4,0
3.43013112721142,62,221008,1,3,1,1,5,0
39.3911009702546,62,221008,1,3,1,1,6,0
66.5792118268243,62,221008,1,3,1,1,7,0
78.2160216838716,62,221008,1,3,1,1,8,0
79.5113052425112,62,221008,1,3,1,1,9,0
62.1112686018887,62,221008,1,3,1,1,10,0
30.7352378504962,62,221008,1,3,1,1,11,0
-5.41332225653432,62,221008,1,3,1,1,12,0
-31.0442284772998,62,221008,1,3,1,1,13,0
-39.7090283593433,62,221008,1,3,1,1,14,0
-39.9988340035503,62,221008,1,3,1,1,15,0
-38.1926326783052,62,221008,1,3,1,1,16,0
-36.9458710762963,62,221008,1,3,1,1,17,0
-36.700619527827,62,221008,1,3,1,1,18,0
-37.9967765007522,62,221008,1,3,1,1,19,0
-39.3525915225608,62,221008,1,3,1,1,20,0
-43.7732122069416,62,221008,1,3,1,1,21,0
-46.3567746280412,62,221008,1,3,1,1,22,0
-47.0661815053671,62,221008,1,3,1,1,23,0
-41.7573723710657,62,221008,1,3,1,1,24,0
-29.5920471806731,62,221008,1,3,1,1,25,0
-12.9505400740349,62,221008,1,3,1,1,26,0
-17.1042281817762,62,221008,1,9,1,1,1,0
-13.115360704166,62,221008,1,9,1,1,2,0
-17.6401387083053,62,221008,1,9,1,1,3,0
-21.5312176070267,62,221008,1,9,1,1,4,0
-25.3938669809779,62,221008,1,9,1,1,5,0
-27.3645431166444,62,221008,1,9,1,1,6,0
-25.6203412456038,62,221008,1,9,1,1,7,0
-19.3455969310985,62,221008,1,9,1,1,8,0
-9.39231510642645,62,221008,1,9,1,1,9,0
-6.9694445074943,62,221008,1,9,1,1,10,0
-11.7148615320833,62,221008,1,9,1,1,11,0
-27.5757626589208,62,221008,1,9,1,1,12,0
-41.0905136791859,62,221008,1,9,1,1,13,0
-44.7276541960305,62,221008,1,9,1,1,14,0
-40.0009053113406,62,221008,1,9,1,1,15,0
-32.6516187634664,62,221008,1,9,1,1,16,0
-26.8837196370059,62,221008,1,9,1,1,17,0
-25.4573248493598,62,221008,1,9,1,1,18,0
-26.89668023493,62,221008,1,9,1,1,19,0
-26.5597915079326,62,221008,1,9,1,1,20,0
-21.0219790375842,62,221008,1,9,1,1,21,0
-13.2730530031468,62,221008,1,9,1,1,22,0
-6.66037492709367,62,221008,1,9,1,1,23,0
-2.32701888606783,62,221008,1,9,1,1,24,0
-0.0296486217637448,62,221008,1,9,1,1,25,0
1.11492533500885,62,221008,1,9,1,1,26,0
-34.7251338862602,62,221008,1,13,1,1,1,0
-16.3610436093796,62,221008,1,13,1,1,2,0
10.6362104111235,62,221008,1,13,1,1,3,0
40.0664284424848,62,221008,1,13,1,1,4,0
68.7288905796142,62,221008,1,13,1,1,5,0
92.8661146656756,62,221008,1,13,1,1,6,0
110.259234250275,62,221008,1,13,1,1,7,0
123.057695423209,62,221008,1,13,1,1,8,0
131.227760944529,62,221008,1,13,1,1,9,0
129.966536152577,62,221008,1,13,1,1,10,0
119.111983000128,62,221008,1,13,1,1,11,0
104.105935325678,62,221008,1,13,1,1,12,0
88.9370008578672,62,221008,1,13,1,1,13,0
77.1583307691239,62,221008,1,13,1,1,14,0
75.007143764412,62,221008,1,13,1,1,15,0
82.6908119166748,62,221008,1,13,1,1,16,0
95.6649093527288,62,221008,1,13,1,1,17,0
106.194691041204,62,221008,1,13,1,1,18,0
113.900977778858,62,221008,1,13,1,1,19,0
119.767840828926,62,221008,1,13,1,1,20,0
126.046470712786,62,221008,1,13,1,1,21,0
129.054090109288,62,221008,1,13,1,1,22,0
131.938250334445,62,221008,1,13,1,1,23,0
132.610157486036,62,221008,1,13,1,1,24,0
129.189618637123,62,221008,1,13,1,1,25,0
122.013912380391,62,221008,1,13,1,1,26,0
42.7260434148624,62,221008,1,17,1,1,1,0
41.1632315748488,62,221008,1,17,1,1,2,0
41.6586574634885,62,221008,1,17,1,1,3,0
46.2770856118677,62,221008,1,17,1,1,4,0
46.4155072898086,62,221008,1,17,1,1,5,0
44.5246949344753,62,221008,1,17,1,1,6,0
41.5586503148495,62,221008,1,17,1,1,7,0
36.9511384833922,62,221008,1,17,1,1,8,0
30.7329560984516,62,221008,1,17,1,1,9,0
18.6462008673846,62,221008,1,17,1,1,10,0
11.643217138768,62,221008,1,17,1,1,11,0
1.93856249760292,62,221008,1,17,1,1,12,0
-2.30597628652112,62,221008,1,17,1,1,13,0
-3.729453322186,62,221008,1,17,1,1,14,0
-8.79737892172209,62,221008,1,17,1,1,15,0
-14.7922951500973,62,221008,1,17,1,1,16,0
-20.8328702438123,62,221008,1,17,1,1,17,0
-20.060253539722,62,221008,1,17,1,1,18,0
-13.5004221910849,62,221008,1,17,1,1,19,0
-1.40540436187814,62,221008,1,17,1,1,20,0
11.5797848889647,62,221008,1,17,1,1,21,0
32.0257240158282,62,221008,1,17,1,1,22,0
58.1306635921867,62,221008,1,17,1,1,23,0
83.9448020033045,62,221008,1,17,1,1,24,0
102.018569653728,62,221008,1,17,1,1,25,0
108.415233425551,62,221008,1,17,1,1,26,0
36.8133360263958,62,221008,1,36,1,1,1,0
33.05283208571,62,221008,1,36,1,1,2,0
30.4883117369897,62,221008,1,36,1,1,3,0
29.7640369432015,62,221008,1,36,1,1,4,0
31.0857729030355,62,221008,1,36,1,1,5,0
31.9537720630993,62,221008,1,36,1,1,6,0
33.3615008436148,62,221008,1,36,1,1,7,0
38.1834207861521,62,221008,1,36,1,1,8,0
46.9696051960462,62,221008,1,36,1,1,9,0
55.8725396398333,62,221008,1,36,1,1,10,0
60.9066308980534,62,221008,1,36,1,1,11,0
60.7402302727904,62,221008,1,36,1,1,12,0
57.4120439789148,62,221008,1,36,1,1,13,0
55.4712198088856,62,221008,1,36,1,1,14,0
56.337937011181,62,221008,1,36,1,1,15,0
59.1066504138897,62,221008,1,36,1,1,16,0
62.0562729224834,62,221008,1,36,1,1,17,0
66.1646706491687,62,221008,1,36,1,1,18,0
71.7752793923357,62,221008,1,36,1,1,19,0
78.6706027790423,62,221008,1,36,1,1,20,0
85.3988515111433,62,221008,1,36,1,1,21,0
87.9462518901697,62,221008,1,36,1,1,22,0
85.9572820571675,62,221008,1,36,1,1,23,0
79.8251829378583,62,221008,1,36,1,1,24,0
72.2617375138938,62,221008,1,36,1,1,25,0
65.5864551933235,62,221008,1,36,1,1,26,0
-60.390969654256,62,221009,2,7,1,1,1,0
-50.524968270478,62,221009,2,7,1,1,2,0
-38.9591830506564,62,221009,2,7,1,1,3,0
-27.5975972670734,62,221009,2,7,1,1,4,0
-17.285712362419,62,221009,2,7,1,1,5,0
-13.7793241199266,62,221009,2,7,1,1,6,0
-13.9604311999399,62,221009,2,7,1,1,7,0
-15.8367044939248,62,221009,2,7,1,1,8,0
-14.5177184257787,62,221009,2,7,1,1,9,0
-9.97951373595262,62,221009,2,7,1,1,10,0
-2.5412786344903,62,221009,2,7,1,1,11,0
1.43497434256279,62,221009,2,7,1,1,12,0
-2.51500733697871,62,221009,2,7,1,1,13,0
-17.9891835020906,62,221009,2,7,1,1,14,0
-40.24925685198,62,221009,2,7,1,1,15,0
-60.4708116621545,62,221009,2,7,1,1,16,0
-72.9183951536436,62,221009,2,7,1,1,17,0
-77.1814899187725,62,221009,2,7,1,1,18,0
-68.8768758967142,62,221009,2,7,1,1,19,0
-48.9823361974507,62,221009,2,7,1,1,20,0
-18.7382855876525,62,221009,2,7,1,1,21,0
12.0708379613566,62,221009,2,7,1,1,22,0
36.764686696825,62,221009,2,7,1,1,23,0
51.5112777731527,62,221009,2,7,1,1,24,0
57.0544203481626,62,221009,2,7,1,1,25,0
56.8049328420835,62,221009,2,7,1,1,26,0
-12.207731901663,62,221010,3,6,1,1,1,0
16.3933343799032,62,221010,3,6,1,1,2,0
51.1836683918859,62,221010,3,6,1,1,3,0
83.2195205099809,62,221010,3,6,1,1,4,0
105.47196896757,62,221010,3,6,1,1,5,0
113.770423127056,62,221010,3,6,1,1,6,0
104.635194229725,62,221010,3,6,1,1,7,0
90.9399220340521,62,221010,3,6,1,1,8,0
73.4197632256475,62,221010,3,6,1,1,9,0
54.5277754317204,62,221010,3,6,1,1,10,0
37.8226673987867,62,221010,3,6,1,1,11,0
18.6742885832472,62,221010,3,6,1,1,12,0
-4.140142207817,62,221010,3,6,1,1,13,0
-27.8134613262489,62,221010,3,6,1,1,14,0
-48.9008881086089,62,221010,3,6,1,1,15,0
-63.1237023158318,62,221010,3,6,1,1,16,0
-71.49039816191,62,221010,3,6,1,1,17,0
-75.6389626862253,62,221010,3,6,1,1,18,0
-71.8752976056433,62,221010,3,6,1,1,19,0
-57.6264588449849,62,221010,3,6,1,1,20,0
-33.1889483504564,62,221010,3,6,1,1,21,0
-5.89715438922024,62,221010,3,6,1,1,22,0
14.2549977036242,62,221010,3,6,1,1,23,0
22.3312923337079,62,221010,3,6,1,1,24,0
21.7010682264128,62,221010,3,6,1,1,25,0
16.4086914916856,62,221010,3,6,1,1,26,0
-26.2199933141993,63,221007,1,1,1,1,1,0
-25.9293021395226,63,221007,1,1,1,1,2,0
-23.5530729955501,63,221007,1,1,1,1,3,0
-18.8609592579778,63,221007,1,1,1,1,4,0
-17.2710844903897,63,221007,1,1,1,1,5,0
-13.4878938268321,63,221007,1,1,1,1,6,0
-5.20354834975392,63,221007,1,1,1,1,7,0
2.24346969878481,63,221007,1,1,1,1,8,0
-12.8621438189446,63,221007,1,1,1,1,9,0
-38.7506756925287,63,221007,1,1,1,1,10,0
-61.7235118862682,63,221007,1,1,1,1,11,0
-73.9118262219703,63,221007,1,1,1,1,12,0
-67.3967702467323,63,221007,1,1,1,1,13,0
-41.6312754980884,63,221007,1,1,1,1,14,0
-2.95243165024307,63,221007,1,1,1,1,15,0
37.9148988155463,63,221007,1,1,1,1,16,0
70.8909325483038,63,221007,1,1,1,1,17,0
88.3499332357117,63,221007,1,1,1,1,18,0
88.5230860188194,63,221007,1,1,1,1,19,0
76.7274113417793,63,221007,1,1,1,1,20,0
62.1921797565952,63,221007,1,1,1,1,21,0
47.8858962111286,63,221007,1,1,1,1,22,0
33.5325258087831,63,221007,1,1,1,1,23,0
20.0129316697213,63,221007,1,1,1,1,24,0
9.14998614404085,63,221007,1,1,1,1,25,0
0.681897880410071,63,221007,1,1,1,1,26,0
3.61363553853604,63,221007,1,5,1,1,1,0
7.83726686567919,63,221007,1,5,1,1,2,0
21.2235319748471,63,221007,1,5,1,1,3,0
47.6540530523454,63,221007,1,5,1,1,4,0
83.981209882099,63,221007,1,5,1,1,5,0
125.365789688028,63,221007,1,5,1,1,6,0
160.044993321709,63,221007,1,5,1,1,7,0
175.307296267866,63,221007,1,5,1,1,8,0
148.890077392188,63,221007,1,5,1,1,9,0
121.089939900739,63,221007,1,5,1,1,10,0
105.122442190398,63,221007,1,5,1,1,11,0
95.7773959335676,63,221007,1,5,1,1,12,0
84.1057202806217,63,221007,1,5,1,1,13,0
63.0667526934481,63,221007,1,5,1,1,14,0
36.3512783515735,63,221007,1,5,1,1,15,0
16.2138247094545,63,221007,1,5,1,1,16,0
9.95837182868567,63,221007,1,5,1,1,17,0
5.96403421980807,63,221007,1,5,1,1,18,0
-0.173404938585173,63,221007,1,5,1,1,19,0
-13.4124176338767,63,221007,1,5,1,1,20,0
-18.8149038488774,63,221007,1,5,1,1,21,0
-12.948339805679,63,221007,1,5,1,1,22,0
-2.93304548037736,63,221007,1,5,1,1,23,0
7.70682650406189,63,221007,1,5,1,1,24,0
17.1689699117051,63,221007,1,5,1,1,25,0
24.8148090647041,63,221007,1,5,1,1,26,0
10.9217822945293,63,221007,1,6,1,1,1,0
-1.24356897000397,63,221007,1,6,1,1,2,0
-6.13750637319567,63,221007,1,6,1,1,3,0
1.98995735274181,63,221007,1,6,1,1,4,0
18.0968134531593,63,221007,1,6,1,1,5,0
30.9799208353877,63,221007,1,6,1,1,6,0
25.8932352219164,63,221007,1,6,1,1,7,0
-7.60204232392899,63,221007,1,6,1,1,8,0
-40.6569671893579,63,221007,1,6,1,1,9,0
-65.0264325163194,63,221007,1,6,1,1,10,0
-72.0021994579042,63,221007,1,6,1,1,11,0
-71.4381372322383,63,221007,1,6,1,1,12,0
-71.9074376069897,63,221007,1,6,1,1,13,0
-76.0718347241037,63,221007,1,6,1,1,14,0
-81.3621929032133,63,221007,1,6,1,1,15,0
-84.0138860560411,63,221007,1,6,1,1,16,0
-79.4007755697742,63,221007,1,6,1,1,17,0
-73.164364689342,63,221007,1,6,1,1,18,0
-70.5499822642712,63,221007,1,6,1,1,19,0
-63.9872990865369,63,221007,1,6,1,1,20,0
-54.6136761024199,63,221007,1,6,1,1,21,0
-43.9227430285694,63,221007,1,6,1,1,22,0
-37.5082204233961,63,221007,1,6,1,1,23,0
-34.8148298469181,63,221007,1,6,1,1,24,0
-33.517236697707,63,221007,1,6,1,1,25,0
-31.0925647286118,63,221007,1,6,1,1,26,0
-62.2923003234864,63,221008,2,1,1,1,1,0
-64.4426570463515,63,221008,2,1,1,1,2,0
-71.417850446111,63,221008,2,1,1,1,3,0
-75.5627910580812,63,221008,2,1,1,1,4,0
-76.7841700133206,63,221008,2,1,1,1,5,0
-62.6274454557964,63,221008,2,1,1,1,6,0
-41.6079432638557,63,221008,2,1,1,1,7,0
-28.7573025252136,63,221008,2,1,1,1,8,0
-27.7696555795574,63,221008,2,1,1,1,9,0
-47.4207674706984,63,221008,2,1,1,1,10,0
-84.4054460252933,63,221008,2,1,1,1,11,0
-128.095730064079,63,221008,2,1,1,1,12,0
-167.148415723054,63,221008,2,1,1,1,13,0
-196.476755513641,63,221008,2,1,1,1,14,0
-208.327635232306,63,221008,2,1,1,1,15,0
-205.305485855577,63,221008,2,1,1,1,16,0
-185.030345901554,63,221008,2,1,1,1,17,0
-158.969359922127,63,221008,2,1,1,1,18,0
-133.903454872927,63,221008,2,1,1,1,19,0
-102.866129423485,63,221008,2,1,1,1,20,0
-75.2974287433038,63,221008,2,1,1,1,21,0
-50.0277243206996,63,221008,2,1,1,1,22,0
-33.0825414230141,63,221008,2,1,1,1,23,0
-22.4216068850703,63,221008,2,1,1,1,24,0
-16.1413396055475,63,221008,2,1,1,1,25,0
-10.7815672328802,63,221008,2,1,1,1,26,0
-43.2523402685002,63,221008,2,2,1,1,1,0
-32.8414837135747,63,221008,2,2,1,1,2,0
-22.4308629575319,63,221008,2,2,1,1,3,0
-12.3066408165333,63,221008,2,2,1,1,4,0
-3.8889963937688,63,221008,2,2,1,1,5,0
4.81907842213517,63,221008,2,2,1,1,6,0
15.6352953060051,63,221008,2,2,1,1,7,0
23.6902719400703,63,221008,2,2,1,1,8,0
23.4862521180103,63,221008,2,2,1,1,9,0
10.971576445749,63,221008,2,2,1,1,10,0
-12.6803601533182,63,221008,2,2,1,1,11,0
-42.4968917376729,63,221008,2,2,1,1,12,0
-69.708821288257,63,221008,2,2,1,1,13,0
-88.4727069852586,63,221008,2,2,1,1,14,0
-92.6720817148961,63,221008,2,2,1,1,15,0
-84.5841248996062,63,221008,2,2,1,1,16,0
-66.7047770405935,63,221008,2,2,1,1,17,0
-49.2735618717648,63,221008,2,2,1,1,18,0
-36.6792070879561,63,221008,2,2,1,1,19,0
-27.2323256250268,63,221008,2,2,1,1,20,0
-22.9180531423927,63,221008,2,2,1,1,21,0
-20.5534518174637,63,221008,2,2,1,1,22,0
-18.3111339269837,63,221008,2,2,1,1,23,0
-16.6937615670783,63,221008,2,2,1,1,24,0
-17.9352770177665,63,221008,2,2,1,1,25,0
-22.0592012442406,63,221008,2,2,1,1,26,0
12.8253636785627,63,221009,3,7,1,1,1,0
-20.2754766965423,63,221009,3,7,1,1,2,0
-49.3423882999539,63,221009,3,7,1,1,3,0
-72.3613218592499,63,221009,3,7,1,1,4,0
-86.7208369579142,63,221009,3,7,1,1,5,0
-94.1271229237474,63,221009,3,7,1,1,6,0
-101.589742357552,63,221009,3,7,1,1,7,0
-118.897592702033,63,221009,3,7,1,1,8,0
-136.976578916476,63,221009,3,7,1,1,9,0
-130.119939164199,63,221009,3,7,1,1,10,0
-98.548625722038,63,221009,3,7,1,1,11,0
-58.8155545615731,63,221009,3,7,1,1,12,0
-31.8342082634703,63,221009,3,7,1,1,13,0
-25.0872616373319,63,221009,3,7,1,1,14,0
-28.366336985148,63,221009,3,7,1,1,15,0
-26.7898557077444,63,221009,3,7,1,1,16,0
-13.2415596244669,63,221009,3,7,1,1,17,0
3.65374617721839,63,221009,3,7,1,1,18,0
13.6332914220207,63,221009,3,7,1,1,19,0
14.2264571301358,63,221009,3,7,1,1,20,0
12.8947211130778,63,221009,3,7,1,1,21,0
15.7364837869891,63,221009,3,7,1,1,22,0
21.7237764092577,63,221009,3,7,1,1,23,0
31.0636495305135,63,221009,3,7,1,1,24,0
43.6038024377967,63,221009,3,7,1,1,25,0
57.483342147908,63,221009,3,7,1,1,26,0
13.9571444048411,63,221009,3,8,1,1,1,0
13.6425095350877,63,221009,3,8,1,1,2,0
12.0495174072824,63,221009,3,8,1,1,3,0
16.1335294233396,63,221009,3,8,1,1,4,0
22.2030484654323,63,221009,3,8,1,1,5,0
33.375486949358,63,221009,3,8,1,1,6,0
41.2683222721929,63,221009,3,8,1,1,7,0
34.1092315685488,63,221009,3,8,1,1,8,0
5.0656337115496,63,221009,3,8,1,1,9,0
-30.2280698021698,63,221009,3,8,1,1,10,0
-63.9686044837014,63,221009,3,8,1,1,11,0
-93.0571419148186,63,221009,3,8,1,1,12,0
-112.980811068796,63,221009,3,8,1,1,13,0
-120.443314013509,63,221009,3,8,1,1,14,0
-116.045378203519,63,221009,3,8,1,1,15,0
-100.290690734641,63,221009,3,8,1,1,16,0
-78.648126292907,63,221009,3,8,1,1,17,0
-55.935200669885,63,221009,3,8,1,1,18,0
-40.228466396877,63,221009,3,8,1,1,19,0
-28.5322141590887,63,221009,3,8,1,1,20,0
-17.4423869643303,63,221009,3,8,1,1,21,0
-3.8793383802477,63,221009,3,8,1,1,22,0
5.77671614097213,63,221009,3,8,1,1,23,0
9.05443428976358,63,221009,3,8,1,1,24,0
8.38205351812276,63,221009,3,8,1,1,25,0
6.46216497909096,63,221009,3,8,1,1,26,0
22.4990321685329,63,221009,3,9,1,1,1,0
16.5167585137828,63,221009,3,9,1,1,2,0
13.2611188980805,63,221009,3,9,1,1,3,0
12.5816720832081,63,221009,3,9,1,1,4,0
18.0680686349675,63,221009,3,9,1,1,5,0
25.8869023395507,63,221009,3,9,1,1,6,0
37.404378571245,63,221009,3,9,1,1,7,0
46.3934451842938,63,221009,3,9,1,1,8,0
42.9607036920142,63,221009,3,9,1,1,9,0
41.2634727204848,63,221009,3,9,1,1,10,0
48.0519988151849,63,221009,3,9,1,1,11,0
57.7933682643897,63,221009,3,9,1,1,12,0
59.8037112800969,63,221009,3,9,1,1,13,0
47.758093490544,63,221009,3,9,1,1,14,0
29.160779692665,63,221009,3,9,1,1,15,0
14.4558039835814,63,221009,3,9,1,1,16,0
9.33905838373018,63,221009,3,9,1,1,17,0
11.2047211513049,63,221009,3,9,1,1,18,0
16.1275870263833,63,221009,3,9,1,1,19,0
18.9262078563509,63,221009,3,9,1,1,20,0
19.490595983881,63,221009,3,9,1,1,21,0
21.5694518685854,63,221009,3,9,1,1,22,0
25.6763983367219,63,221009,3,9,1,1,23,0
30.8423713412111,63,221009,3,9,1,1,24,0
34.9112732263651,63,221009,3,9,1,1,25,0
37.4210085336438,63,221009,3,9,1,1,26,0
29.7803216075661,63,221009,3,22,1,1,1,0
48.6266704878648,63,221009,3,22,1,1,2,0
60.7480729794025,63,221009,3,22,1,1,3,0
71.5252486943849,63,221009,3,22,1,1,4,0
74.1791906282745,63,221009,3,22,1,1,5,0
77.0238982522938,63,221009,3,22,1,1,6,0
76.9954682762115,63,221009,3,22,1,1,7,0
77.8019655430424,63,221009,3,22,1,1,8,0
71.1733171511269,63,221009,3,22,1,1,9,0
61.110228248329,63,221009,3,22,1,1,10,0
40.5649314232271,63,221009,3,22,1,1,11,0
18.072502760198,63,221009,3,22,1,1,12,0
9.69668925073225,63,221009,3,22,1,1,13,0
19.5201095595085,63,221009,3,22,1,1,14,0
30.8018816938717,63,221009,3,22,1,1,15,0
24.5312843492611,63,221009,3,22,1,1,16,0
-2.22396067142048,63,221009,3,22,1,1,17,0
-35.1671159859777,63,221009,3,22,1,1,18,0
-49.4706557512841,63,221009,3,22,1,1,19,0
-45.2160172895348,63,221009,3,22,1,1,20,0
-25.4265421902712,63,221009,3,22,1,1,21,0
-0.641650034840027,63,221009,3,22,1,1,22,0
18.9530735796234,63,221009,3,22,1,1,23,0
32.2232525020894,63,221009,3,22,1,1,24,0
41.700520120679,63,221009,3,22,1,1,25,0
49.2499076030878,63,221009,3,22,1,1,26,0
-90.7565508028382,65,221018,1,23,1,1,1,0
-60.0903149121173,65,221018,1,23,1,1,2,0
-23.6949389194924,65,221018,1,23,1,1,3,0
11.0660916604765,65,221018,1,23,1,1,4,0
40.2244729602165,65,221018,1,23,1,1,5,0
56.1199873467447,65,221018,1,23,1,1,6,0
60.4412403821204,65,221018,1,23,1,1,7,0
56.7145845876197,65,221018,1,23,1,1,8,0
29.0114332841336,65,221018,1,23,1,1,9,0
5.88624396076503,65,221018,1,23,1,1,10,0
-14.8397514169614,65,221018,1,23,1,1,11,0
-21.3109698121791,65,221018,1,23,1,1,12,0
-12.2359779726369,65,221018,1,23,1,1,13,0
6.46469867597744,65,221018,1,23,1,1,14,0
27.4036087964815,65,221018,1,23,1,1,15,0
39.0651382655708,65,221018,1,23,1,1,16,0
43.1112252984218,65,221018,1,23,1,1,17,0
50.0156872799017,65,221018,1,23,1,1,18,0
53.6384529889972,65,221018,1,23,1,1,19,0
43.5122143773101,65,221018,1,23,1,1,20,0
19.0747293273092,65,221018,1,23,1,1,21,0
-12.3766732198354,65,221018,1,23,1,1,22,0
-31.8971925511638,65,221018,1,23,1,1,23,0
-36.3295099023894,65,221018,1,23,1,1,24,0
-31.4336771058475,65,221018,1,23,1,1,25,0
-23.4153736546754,65,221018,1,23,1,1,26,0
-26.675426560939,65,221019,2,1,1,1,1,0
-38.4018592478968,65,221019,2,1,1,1,2,0
-42.884400493284,65,221019,2,1,1,1,3,0
-57.1784640356573,65,221019,2,1,1,1,4,0
-79.3605358532624,65,221019,2,1,1,1,5,0
-110.603488014538,65,221019,2,1,1,1,6,0
-147.417507802637,65,221019,2,1,1,1,7,0
-189.025476334166,65,221019,2,1,1,1,8,0
-238.617640662559,65,221019,2,1,1,1,9,0
-253.761948303144,65,221019,2,1,1,1,10,0
-255.771619292813,65,221019,2,1,1,1,11,0
-256.109535000538,65,221019,2,1,1,1,12,0
-252.142468443673,65,221019,2,1,1,1,13,0
-223.852870795405,65,221019,2,1,1,1,14,0
-169.836268041581,65,221019,2,1,1,1,15,0
-107.980946689212,65,221019,2,1,1,1,16,0
-61.4679222039508,65,221019,2,1,1,1,17,0
-41.5076227141231,65,221019,2,1,1,1,18,0
-43.6875459557197,65,221019,2,1,1,1,19,0
-53.8970082176714,65,221019,2,1,1,1,20,0
-51.2801053610287,65,221019,2,1,1,1,21,0
-48.6605822313707,65,221019,2,1,1,1,22,0
-46.1491602057059,65,221019,2,1,1,1,23,0
-46.8263745586993,65,221019,2,1,1,1,24,0
-49.760704977824,65,221019,2,1,1,1,25,0
-57.7012145006818,65,221019,2,1,1,1,26,0
