DataY,AnimalID,RecDate,NovelDay,CellID,CellType,Environ,PosBin,StimCond
-120.263840769149,57,220329,1,7,1,1,1,0
-81.000697172859,57,220329,1,7,1,1,2,0
-44.8470417694489,57,220329,1,7,1,1,3,0
-18.3050721801388,57,220329,1,7,1,1,4,0
-10.9090778124727,57,220329,1,7,1,1,5,0
-23.4985572446716,57,220329,1,7,1,1,6,0
-45.8379075003586,57,220329,1,7,1,1,7,0
-59.378602484153,57,220329,1,7,1,1,8,0
-58.5273463916903,57,220329,1,7,1,1,9,0
-66.5933456957742,57,220329,1,7,1,1,10,0
-51.6484107289409,57,220329,1,7,1,1,11,0
-23.8135070042096,57,220329,1,7,1,1,12,0
4.42771489543384,57,220329,1,7,1,1,13,0
27.5927024742903,57,220329,1,7,1,1,14,0
42.59579767527,57,220329,1,7,1,1,15,0
52.0228408459822,57,220329,1,7,1,1,16,0
55.8469748555347,57,220329,1,7,1,1,17,0
60.0235903102312,57,220329,1,7,1,1,18,0
65.6650784215237,57,220329,1,7,1,1,19,0
68.8140348872922,57,220329,1,7,1,1,20,0
62.9111632128719,57,220329,1,7,1,1,21,0
55.5169696204096,57,220329,1,7,1,1,22,0
49.6558027975582,57,220329,1,7,1,1,23,0
46.2621015788105,57,220329,1,7,1,1,24,0
48.0991750794387,57,220329,1,7,1,1,25,0
53.8861337689179,57,220329,1,7,1,1,26,0
-131.033683953516,57,220329,1,8,1,1,1,0
-110.226486409312,57,220329,1,8,1,1,2,0
-92.661140961264,57,220329,1,8,1,1,3,0
-81.7020961429598,57,220329,1,8,1,1,4,0
-82.0126299473625,57,220329,1,8,1,1,5,0
-92.7345839125325,57,220329,1,8,1,1,6,0
-106.640837139847,57,220329,1,8,1,1,7,0
-115.335530356082,57,220329,1,8,1,1,8,0
-114.619495983995,57,220329,1,8,1,1,9,0
-109.508853931227,57,220329,1,8,1,1,10,0
-86.9403509010132,57,220329,1,8,1,1,11,0
-53.8390887662788,57,220329,1,8,1,1,12,0
-23.5267833818408,57,220329,1,8,1,1,13,0
-2.03498263985103,57,220329,1,8,1,1,14,0
8.7340942126016,57,220329,1,8,1,1,15,0
12.7866370067214,57,220329,1,8,1,1,16,0
11.7086950969458,57,220329,1,8,1,1,17,0
13.5369239930409,57,220329,1,8,1,1,18,0
21.7106816605391,57,220329,1,8,1,1,19,0
32.265605785911,57,220329,1,8,1,1,20,0
37.04088742045,57,220329,1,8,1,1,21,0
35.3125172205846,57,220329,1,8,1,1,22,0
32.5901976057044,57,220329,1,8,1,1,23,0
29.7903780588394,57,220329,1,8,1,1,24,0
28.6239147012415,57,220329,1,8,1,1,25,0
27.6457608334305,57,220329,1,8,1,1,26,0
-23.6328437026878,57,220330,2,1,1,1,1,0
1.80235977663181,57,220330,2,1,1,1,2,0
17.1116582971587,57,220330,2,1,1,1,3,0
24.4840190402629,57,220330,2,1,1,1,4,0
8.46725864697752,57,220330,2,1,1,1,5,0
-8.94799936667129,57,220330,2,1,1,1,6,0
-15.8920172297513,57,220330,2,1,1,1,7,0
-10.4277652439943,57,220330,2,1,1,1,8,0
10.2664585537302,57,220330,2,1,1,1,9,0
51.5699079668576,57,220330,2,1,1,1,10,0
73.860444429693,57,220330,2,1,1,1,11,0
85.6670370906908,57,220330,2,1,1,1,12,0
96.9169211289057,57,220330,2,1,1,1,13,0
100.426850272469,57,220330,2,1,1,1,14,0
89.3749058390482,57,220330,2,1,1,1,15,0
60.3652901276266,57,220330,2,1,1,1,16,0
21.6502215715785,57,220330,2,1,1,1,17,0
-8.72477549874926,57,220330,2,1,1,1,18,0
-25.4762899563964,57,220330,2,1,1,1,19,0
-32.6446328497111,57,220330,2,1,1,1,20,0
-32.4065898554355,57,220330,2,1,1,1,21,0
-25.3798752678222,57,220330,2,1,1,1,22,0
-12.6433813798165,57,220330,2,1,1,1,23,0
8.4728944231659,57,220330,2,1,1,1,24,0
29.7244053938106,57,220330,2,1,1,1,25,0
48.7084280674799,57,220330,2,1,1,1,26,0
28.2301268841053,57,220330,2,4,1,1,1,0
55.1207724445177,57,220330,2,4,1,1,2,0
73.7568148593414,57,220330,2,4,1,1,3,0
71.385910889011,57,220330,2,4,1,1,4,0
47.3980049544894,57,220330,2,4,1,1,5,0
12.3050944470696,57,220330,2,4,1,1,6,0
-28.7726576496291,57,220330,2,4,1,1,7,0
-53.5879399230855,57,220330,2,4,1,1,8,0
-63.5558221856284,57,220330,2,4,1,1,9,0
-55.5175116770312,57,220330,2,4,1,1,10,0
-36.583162323623,57,220330,2,4,1,1,11,0
-22.9229503769307,57,220330,2,4,1,1,12,0
-11.8961452102776,57,220330,2,4,1,1,13,0
2.06938011298705,57,220330,2,4,1,1,14,0
22.8735791224537,57,220330,2,4,1,1,15,0
44.7896093935532,57,220330,2,4,1,1,16,0
63.3119091330226,57,220330,2,4,1,1,17,0
80.1307064705025,57,220330,2,4,1,1,18,0
86.9969163385752,57,220330,2,4,1,1,19,0
76.518038811084,57,220330,2,4,1,1,20,0
43.3663777798382,57,220330,2,4,1,1,21,0
-12.0838513956577,57,220330,2,4,1,1,22,0
-73.5612447429133,57,220330,2,4,1,1,23,0
-130.440056965441,57,220330,2,4,1,1,24,0
-175.389629371116,57,220330,2,4,1,1,25,0
-204.664459078424,57,220330,2,4,1,1,26,0
-12.3500985759587,57,220330,2,7,1,1,1,0
-12.4371574516847,57,220330,2,7,1,1,2,0
-13.2361210958838,57,220330,2,7,1,1,3,0
-11.8178236917985,57,220330,2,7,1,1,4,0
-6.79967650261527,57,220330,2,7,1,1,5,0
-1.57685077332636,57,220330,2,7,1,1,6,0
2.91057189893627,57,220330,2,7,1,1,7,0
5.37142435454462,57,220330,2,7,1,1,8,0
5.57675886083343,57,220330,2,7,1,1,9,0
6.87760535377223,57,220330,2,7,1,1,10,0
12.3894069893777,57,220330,2,7,1,1,11,0
19.086762739766,57,220330,2,7,1,1,12,0
24.668792329062,57,220330,2,7,1,1,13,0
28.6642508362165,57,220330,2,7,1,1,14,0
31.8016602665915,57,220330,2,7,1,1,15,0
34.9402522615524,57,220330,2,7,1,1,16,0
38.6326179881976,57,220330,2,7,1,1,17,0
43.7113591515497,57,220330,2,7,1,1,18,0
50.6522299279046,57,220330,2,7,1,1,19,0
57.8928256270739,57,220330,2,7,1,1,20,0
61.828632771784,57,220330,2,7,1,1,21,0
63.9707766981947,57,220330,2,7,1,1,22,0
63.447489427331,57,220330,2,7,1,1,23,0
60.3751463267152,57,220330,2,7,1,1,24,0
56.4602477906127,57,220330,2,7,1,1,25,0
53.3077493504285,57,220330,2,7,1,1,26,0
377.242731130983,57,220330,2,11,1,1,1,0
268.433550811493,57,220330,2,11,1,1,2,0
157.52224933348,57,220330,2,11,1,1,3,0
60.2267702572823,57,220330,2,11,1,1,4,0
-29.2849086299764,57,220330,2,11,1,1,5,0
-69.533529072618,57,220330,2,11,1,1,6,0
-85.9884537699719,57,220330,2,11,1,1,7,0
-76.5137062104047,57,220330,2,11,1,1,8,0
-58.0167618706888,57,220330,2,11,1,1,9,0
-39.675552840733,57,220330,2,11,1,1,10,0
-38.1577192936029,57,220330,2,11,1,1,11,0
-49.277045668197,57,220330,2,11,1,1,12,0
-60.7307013953846,57,220330,2,11,1,1,13,0
-66.0872901187422,57,220330,2,11,1,1,14,0
-74.8062588824963,57,220330,2,11,1,1,15,0
-104.323623858041,57,220330,2,11,1,1,16,0
-139.68471716464,57,220330,2,11,1,1,17,0
-163.720036630285,57,220330,2,11,1,1,18,0
-174.24824395485,57,220330,2,11,1,1,19,0
-175.947735369994,57,220330,2,11,1,1,20,0
-175.086465492402,57,220330,2,11,1,1,21,0
-185.249768927587,57,220330,2,11,1,1,22,0
-204.25951473894,57,220330,2,11,1,1,23,0
-227.143698979793,57,220330,2,11,1,1,24,0
-246.974265263836,57,220330,2,11,1,1,25,0
-257.106507950743,57,220330,2,11,1,1,26,0
143.174774425565,57,220331,3,6,1,1,1,0
118.532535176557,57,220331,3,6,1,1,2,0
93.744994855189,57,220331,3,6,1,1,3,0
65.4626195397635,57,220331,3,6,1,1,4,0
42.5128927850874,57,220331,3,6,1,1,5,0
27.5189782147482,57,220331,3,6,1,1,6,0
23.249599410547,57,220331,3,6,1,1,7,0
26.6792242803771,57,220331,3,6,1,1,8,0
21.802920541802,57,220331,3,6,1,1,9,0
8.97579585210979,57,220331,3,6,1,1,10,0
-12.0297134839259,57,220331,3,6,1,1,11,0
-49.6862581810322,57,220331,3,6,1,1,12,0
-85.0977706558569,57,220331,3,6,1,1,13,0
-90.0878345045415,57,220331,3,6,1,1,14,0
-58.8715404026668,57,220331,3,6,1,1,15,0
-22.9463926111448,57,220331,3,6,1,1,16,0
-9.7898095898402,57,220331,3,6,1,1,17,0
-16.1949479438212,57,220331,3,6,1,1,18,0
-29.2588468772863,57,220331,3,6,1,1,19,0
-38.0582699753458,57,220331,3,6,1,1,20,0
-50.2977309002752,57,220331,3,6,1,1,21,0
-75.043445690994,57,220331,3,6,1,1,22,0
-114.157214252386,57,220331,3,6,1,1,23,0
-158.428015514767,57,220331,3,6,1,1,24,0
-196.833472870568,57,220331,3,6,1,1,25,0
-222.713683362198,57,220331,3,6,1,1,26,0
-4.41493983452342,57,220331,3,7,1,1,1,0
10.150961377898,57,220331,3,7,1,1,2,0
22.7070495414815,57,220331,3,7,1,1,3,0
32.1602388231861,57,220331,3,7,1,1,4,0
32.7859272140272,57,220331,3,7,1,1,5,0
20.8482609110384,57,220331,3,7,1,1,6,0
-1.01527072314368,57,220331,3,7,1,1,7,0
-22.2521367201146,57,220331,3,7,1,1,8,0
-32.3915458875258,57,220331,3,7,1,1,9,0
-27.232562135591,57,220331,3,7,1,1,10,0
-15.9775792917129,57,220331,3,7,1,1,11,0
-9.08411028974422,57,220331,3,7,1,1,12,0
-8.42756192271962,57,220331,3,7,1,1,13,0
-10.9326657115352,57,220331,3,7,1,1,14,0
-6.17092204492315,57,220331,3,7,1,1,15,0
9.48333469875555,57,220331,3,7,1,1,16,0
38.9672885338299,57,220331,3,7,1,1,17,0
74.5511731671001,57,220331,3,7,1,1,18,0
109.70945627624,57,220331,3,7,1,1,19,0
131.299212857934,57,220331,3,7,1,1,20,0
136.799443264949,57,220331,3,7,1,1,21,0
131.821011529166,57,220331,3,7,1,1,22,0
128.139412180307,57,220331,3,7,1,1,23,0
130.380538050959,57,220331,3,7,1,1,24,0
134.545062101782,57,220331,3,7,1,1,25,0
138.243227313878,57,220331,3,7,1,1,26,0
3.67210185043871,57,220331,3,8,1,1,1,0
5.26582763924328,57,220331,3,8,1,1,2,0
7.21241882975692,57,220331,3,8,1,1,3,0
9.13044729378917,57,220331,3,8,1,1,4,0
10.1164674871818,57,220331,3,8,1,1,5,0
9.11071029197623,57,220331,3,8,1,1,6,0
6.43282296134601,57,220331,3,8,1,1,7,0
4.00451087063779,57,220331,3,8,1,1,8,0
4.35667787169101,57,220331,3,8,1,1,9,0
7.34700604851894,57,220331,3,8,1,1,10,0
10.4372734273348,57,220331,3,8,1,1,11,0
14.065829151525,57,220331,3,8,1,1,12,0
16.6026795642564,57,220331,3,8,1,1,13,0
15.4026744595436,57,220331,3,8,1,1,14,0
10.3017089326241,57,220331,3,8,1,1,15,0
4.18941160809166,57,220331,3,8,1,1,16,0
0.87408507638294,57,220331,3,8,1,1,17,0
1.74711034890237,57,220331,3,8,1,1,18,0
4.08675516425993,57,220331,3,8,1,1,19,0
4.60792270105505,57,220331,3,8,1,1,20,0
3.28367603552583,57,220331,3,8,1,1,21,0
2.20916150203168,57,220331,3,8,1,1,22,0
5.7469529378817,57,220331,3,8,1,1,23,0
14.2700192962919,57,220331,3,8,1,1,24,0
24.2044148674484,57,220331,3,8,1,1,25,0
31.9938103676057,57,220331,3,8,1,1,26,0
29.7669613601712,57,220331,3,9,1,1,1,0
25.4693643869363,57,220331,3,9,1,1,2,0
21.6922977713957,57,220331,3,9,1,1,3,0
18.2880400069473,57,220331,3,9,1,1,4,0
15.7572710956576,57,220331,3,9,1,1,5,0
14.2350772740247,57,220331,3,9,1,1,6,0
13.4113695612778,57,220331,3,9,1,1,7,0
14.0393276999507,57,220331,3,9,1,1,8,0
15.8065091702061,57,220331,3,9,1,1,9,0
17.7261630967807,57,220331,3,9,1,1,10,0
17.5117785943984,57,220331,3,9,1,1,11,0
15.0978446975591,57,220331,3,9,1,1,12,0
11.0546042528256,57,220331,3,9,1,1,13,0
5.42334004490088,57,220331,3,9,1,1,14,0
0.0828166187656293,57,220331,3,9,1,1,15,0
-2.15680524655924,57,220331,3,9,1,1,16,0
2.49355891108123,57,220331,3,9,1,1,17,0
12.6288608925026,57,220331,3,9,1,1,18,0
24.2101433165959,57,220331,3,9,1,1,19,0
30.4906817101329,57,220331,3,9,1,1,20,0
30.5576890143566,57,220331,3,9,1,1,21,0
26.8135445839713,57,220331,3,9,1,1,22,0
22.6369195375346,57,220331,3,9,1,1,23,0
20.1829235623176,57,220331,3,9,1,1,24,0
19.7809278017148,57,220331,3,9,1,1,25,0
21.1925331902655,57,220331,3,9,1,1,26,0
5.74270313888957,57,220331,3,12,1,1,1,0
16.0720013078447,57,220331,3,12,1,1,2,0
25.8239326427812,57,220331,3,12,1,1,3,0
36.2195467078713,57,220331,3,12,1,1,4,0
52.3988924291312,57,220331,3,12,1,1,5,0
64.5505314807278,57,220331,3,12,1,1,6,0
72.6149120122084,57,220331,3,12,1,1,7,0
75.1853065794482,57,220331,3,12,1,1,8,0
66.5275359592745,57,220331,3,12,1,1,9,0
51.6995414576346,57,220331,3,12,1,1,10,0
30.0376530281758,57,220331,3,12,1,1,11,0
2.54684171225226,57,220331,3,12,1,1,12,0
-24.9439299699841,57,220331,3,12,1,1,13,0
-53.0215494120368,57,220331,3,12,1,1,14,0
-81.0617453566149,57,220331,3,12,1,1,15,0
-105.861096646254,57,220331,3,12,1,1,16,0
-123.633787115593,57,220331,3,12,1,1,17,0
-129.018640692991,57,220331,3,12,1,1,18,0
-117.250725735574,57,220331,3,12,1,1,19,0
-99.7074567926177,57,220331,3,12,1,1,20,0
-87.0852234757254,57,220331,3,12,1,1,21,0
-87.4173493655907,57,220331,3,12,1,1,22,0
-98.1448096983057,57,220331,3,12,1,1,23,0
-114.306882516732,57,220331,3,12,1,1,24,0
-131.359418133765,57,220331,3,12,1,1,25,0
-146.356024117355,57,220331,3,12,1,1,26,0
-110.690432254222,62,221008,1,1,1,1,1,0
-131.366904102713,62,221008,1,1,1,1,2,0
-157.808602700616,62,221008,1,1,1,1,3,0
-205.034037003416,62,221008,1,1,1,1,4,0
-228.225500441694,62,221008,1,1,1,1,5,0
-215.545711599905,62,221008,1,1,1,1,6,0
-179.55627836746,62,221008,1,1,1,1,7,0
-129.422540101394,62,221008,1,1,1,1,8,0
-100.149572090998,62,221008,1,1,1,1,9,0
-108.075262988618,62,221008,1,1,1,1,10,0
-131.512250792511,62,221008,1,1,1,1,11,0
-155.599306929905,62,221008,1,1,1,1,12,0
-161.467403640762,62,221008,1,1,1,1,13,0
-140.698012456669,62,221008,1,1,1,1,14,0
-108.476779005661,62,221008,1,1,1,1,15,0
-77.5037886228914,62,221008,1,1,1,1,16,0
-67.3775326683217,62,221008,1,1,1,1,17,0
-93.8459566131309,62,221008,1,1,1,1,18,0
-134.988191827188,62,221008,1,1,1,1,19,0
-167.265688996439,62,221008,1,1,1,1,20,0
-190.960736357671,62,221008,1,1,1,1,21,0
-201.808147849294,62,221008,1,1,1,1,22,0
-206.526324500437,62,221008,1,1,1,1,23,0
-193.022645484747,62,221008,1,1,1,1,24,0
-156.692335480598,62,221008,1,1,1,1,25,0
-107.60974281269,62,221008,1,1,1,1,26,0
65.4564691332082,62,221008,1,2,1,1,1,0
67.5880235330661,62,221008,1,2,1,1,2,0
69.486931064406,62,221008,1,2,1,1,3,0
68.5615456816486,62,221008,1,2,1,1,4,0
67.6797869500389,62,221008,1,2,1,1,5,0
66.2302685215145,62,221008,1,2,1,1,6,0
69.2793416925348,62,221008,1,2,1,1,7,0
70.3925752015486,62,221008,1,2,1,1,8,0
69.3271219497945,62,221008,1,2,1,1,9,0
54.4099702335108,62,221008,1,2,1,1,10,0
33.1169383050589,62,221008,1,2,1,1,11,0
10.2585218668564,62,221008,1,2,1,1,12,0
-7.69175197664689,62,221008,1,2,1,1,13,0
-18.3886860675358,62,221008,1,2,1,1,14,0
-21.8481340686008,62,221008,1,2,1,1,15,0
-17.0440964553001,62,221008,1,2,1,1,16,0
-3.43599022221819,62,221008,1,2,1,1,17,0
16.852040550952,62,221008,1,2,1,1,18,0
41.8166251083077,62,221008,1,2,1,1,19,0
67.2266428296436,62,221008,1,2,1,1,20,0
84.9126351671619,62,221008,1,2,1,1,21,0
90.7086906183489,62,221008,1,2,1,1,22,0
87.5556847257363,62,221008,1,2,1,1,23,0
80.8764531841404,62,221008,1,2,1,1,24,0
74.6689067694423,62,221008,1,2,1,1,25,0
69.8878122918813,62,221008,1,2,1,1,26,0
-81.0748613559039,62,221008,1,3,1,1,1,0
-65.9205488303019,62,221008,1,3,1,1,2,0
-41.922968381527,62,221008,1,3,1,1,3,0
-20.2424442134372,62,221008,1,3,1,1,4,0
4.31359841240856,62,221008,1,3,1,1,5,0
24.0302751541998,62,221008,1,3,1,1,6,0
35.4737255811111,62,221008,1,3,1,1,7,0
43.9033615741495,62,221008,1,3,1,1,8,0
41.6526858366607,62,221008,1,3,1,1,9,0
30.0045088434172,62,221008,1,3,1,1,10,0
17.3491287613513,62,221008,1,3,1,1,11,0
8.43569139680086,62,221008,1,3,1,1,12,0
10.6113024201423,62,221008,1,3,1,1,13,0
23.1689850206909,62,221008,1,3,1,1,14,0
41.6675202212319,62,221008,1,3,1,1,15,0
61.7813101386271,62,221008,1,3,1,1,16,0
73.1674260894802,62,221008,1,3,1,1,17,0
58.4922534222738,62,221008,1,3,1,1,18,0
22.6271477519397,62,221008,1,3,1,1,19,0
-22.7578483456287,62,221008,1,3,1,1,20,0
-63.3871879778788,62,221008,1,3,1,1,21,0
-86.1751457340813,62,221008,1,3,1,1,22,0
-90.5770253995253,62,221008,1,3,1,1,23,0
-74.2783170493575,62,221008,1,3,1,1,24,0
-45.2325815844298,62,221008,1,3,1,1,25,0
-12.9701401979612,62,221008,1,3,1,1,26,0
-32.6066921156138,62,221008,1,9,1,1,1,0
-26.1390693640539,62,221008,1,9,1,1,2,0
-16.3739812197148,62,221008,1,9,1,1,3,0
-8.17232616464601,62,221008,1,9,1,1,4,0
9.13706104172816,62,221008,1,9,1,1,5,0
27.0266938831496,62,221008,1,9,1,1,6,0
45.0402459664226,62,221008,1,9,1,1,7,0
52.1542095446268,62,221008,1,9,1,1,8,0
42.5821880351956,62,221008,1,9,1,1,9,0
11.4208168288476,62,221008,1,9,1,1,10,0
-24.8627660288457,62,221008,1,9,1,1,11,0
-59.0850186108926,62,221008,1,9,1,1,12,0
-82.0076031851939,62,221008,1,9,1,1,13,0
-91.3252632866552,62,221008,1,9,1,1,14,0
-89.2475908889442,62,221008,1,9,1,1,15,0
-72.297516364127,62,221008,1,9,1,1,16,0
-45.2887668567742,62,221008,1,9,1,1,17,0
-16.0246795971205,62,221008,1,9,1,1,18,0
1.05302565281749,62,221008,1,9,1,1,19,0
5.43829975799529,62,221008,1,9,1,1,20,0
-1.01154633482751,62,221008,1,9,1,1,21,0
-12.6161547584218,62,221008,1,9,1,1,22,0
-22.6192455021531,62,221008,1,9,1,1,23,0
-26.9860294834779,62,221008,1,9,1,1,24,0
-25.8723827742345,62,221008,1,9,1,1,25,0
-22.8284019411374,62,221008,1,9,1,1,26,0
94.2863744074757,62,221008,1,13,1,1,1,0
90.8019090187223,62,221008,1,13,1,1,2,0
85.6441022054681,62,221008,1,13,1,1,3,0
77.4157292944746,62,221008,1,13,1,1,4,0
69.0360426787941,62,221008,1,13,1,1,5,0
63.2261070823939,62,221008,1,13,1,1,6,0
62.482902321188,62,221008,1,13,1,1,7,0
62.649861701043,62,221008,1,13,1,1,8,0
63.2071483282454,62,221008,1,13,1,1,9,0
57.0510393768722,62,221008,1,13,1,1,10,0
40.3344428140585,62,221008,1,13,1,1,11,0
16.5615740420404,62,221008,1,13,1,1,12,0
-8.50135376752787,62,221008,1,13,1,1,13,0
-25.3593469579335,62,221008,1,13,1,1,14,0
-29.8090438805158,62,221008,1,13,1,1,15,0
-20.7257031709809,62,221008,1,13,1,1,16,0
-0.608490627007885,62,221008,1,13,1,1,17,0
24.6349774557839,62,221008,1,13,1,1,18,0
48.1755106668867,62,221008,1,13,1,1,19,0
65.3833738097074,62,221008,1,13,1,1,20,0
73.2123241721156,62,221008,1,13,1,1,21,0
69.9763458453225,62,221008,1,13,1,1,22,0
62.1870680905843,62,221008,1,13,1,1,23,0
54.81580135604,62,221008,1,13,1,1,24,0
50.5854019899401,62,221008,1,13,1,1,25,0
48.485940662916,62,221008,1,13,1,1,26,0
241.362000702737,62,221008,1,17,1,1,1,0
226.582975603388,62,221008,1,17,1,1,2,0
202.995027041824,62,221008,1,17,1,1,3,0
167.472773552128,62,221008,1,17,1,1,4,0
126.597457793789,62,221008,1,17,1,1,5,0
84.1991676536025,62,221008,1,17,1,1,6,0
49.0562122544276,62,221008,1,17,1,1,7,0
26.9237008758071,62,221008,1,17,1,1,8,0
6.93249764507474,62,221008,1,17,1,1,9,0
-6.2743498220341,62,221008,1,17,1,1,10,0
-11.3083429244972,62,221008,1,17,1,1,11,0
-6.39373424348618,62,221008,1,17,1,1,12,0
5.15825732699338,62,221008,1,17,1,1,13,0
18.4528700529282,62,221008,1,17,1,1,14,0
26.2194685366073,62,221008,1,17,1,1,15,0
28.8773430938631,62,221008,1,17,1,1,16,0
27.5203527628395,62,221008,1,17,1,1,17,0
32.2213428385214,62,221008,1,17,1,1,18,0
44.2769939429764,62,221008,1,17,1,1,19,0
57.969720003031,62,221008,1,17,1,1,20,0
62.7646749675115,62,221008,1,17,1,1,21,0
59.9989768322256,62,221008,1,17,1,1,22,0
51.7672865543874,62,221008,1,17,1,1,23,0
47.438751014339,62,221008,1,17,1,1,24,0
51.3979415214093,62,221008,1,17,1,1,25,0
60.9127194569583,62,221008,1,17,1,1,26,0
63.3339644070619,62,221008,1,36,1,1,1,0
58.815394757281,62,221008,1,36,1,1,2,0
52.2836710621175,62,221008,1,36,1,1,3,0
44.5640906620456,62,221008,1,36,1,1,4,0
42.2886155830719,62,221008,1,36,1,1,5,0
45.8078271569115,62,221008,1,36,1,1,6,0
58.1652419307498,62,221008,1,36,1,1,7,0
69.8525419722228,62,221008,1,36,1,1,8,0
73.3096311612161,62,221008,1,36,1,1,9,0
64.7003874252243,62,221008,1,36,1,1,10,0
48.5412123301149,62,221008,1,36,1,1,11,0
29.8143765018165,62,221008,1,36,1,1,12,0
14.1637390493673,62,221008,1,36,1,1,13,0
5.91425352236182,62,221008,1,36,1,1,14,0
5.02140261144356,62,221008,1,36,1,1,15,0
14.7999216612901,62,221008,1,36,1,1,16,0
31.833405954385,62,221008,1,36,1,1,17,0
51.9945221582402,62,221008,1,36,1,1,18,0
66.2740854344859,62,221008,1,36,1,1,19,0
73.3241126234548,62,221008,1,36,1,1,20,0
73.2087824278986,62,221008,1,36,1,1,21,0
68.3955463834,62,221008,1,36,1,1,22,0
62.3333462231371,62,221008,1,36,1,1,23,0
56.9404923600665,62,221008,1,36,1,1,24,0
53.7988135964289,62,221008,1,36,1,1,25,0
51.8165062948162,62,221008,1,36,1,1,26,0
7.36620949124474,62,221009,2,7,1,1,1,0
17.2010301613512,62,221009,2,7,1,1,2,0
22.9370786221505,62,221009,2,7,1,1,3,0
28.062965941665,62,221009,2,7,1,1,4,0
29.8131615919173,62,221009,2,7,1,1,5,0
31.2366663473306,62,221009,2,7,1,1,6,0
31.9704799516728,62,221009,2,7,1,1,7,0
29.9580784263042,62,221009,2,7,1,1,8,0
25.5537737655461,62,221009,2,7,1,1,9,0
11.4609880327245,62,221009,2,7,1,1,10,0
-11.7624148706062,62,221009,2,7,1,1,11,0
-44.3818064429605,62,221009,2,7,1,1,12,0
-78.1419448656231,62,221009,2,7,1,1,13,0
-98.130164681594,62,221009,2,7,1,1,14,0
-97.0009195256389,62,221009,2,7,1,1,15,0
-76.5592943672241,62,221009,2,7,1,1,16,0
-43.7514502814503,62,221009,2,7,1,1,17,0
-11.3589304097406,62,221009,2,7,1,1,18,0
7.91288168205875,62,221009,2,7,1,1,19,0
21.4890479809309,62,221009,2,7,1,1,20,0
31.1845095762278,62,221009,2,7,1,1,21,0
40.4385454567003,62,221009,2,7,1,1,22,0
52.5618404320502,62,221009,2,7,1,1,23,0
65.8545876904296,62,221009,2,7,1,1,24,0
76.685342154372,62,221009,2,7,1,1,25,0
82.4806895770601,62,221009,2,7,1,1,26,0
-52.8639938748273,62,221010,3,6,1,1,1,0
-37.7031861741156,62,221010,3,6,1,1,2,0
-23.8618414273215,62,221010,3,6,1,1,3,0
-11.6154089006174,62,221010,3,6,1,1,4,0
-1.24741558450849,62,221010,3,6,1,1,5,0
8.21414470337612,62,221010,3,6,1,1,6,0
20.1539190944881,62,221010,3,6,1,1,7,0
34.2177141697656,62,221010,3,6,1,1,8,0
46.0980455359699,62,221010,3,6,1,1,9,0
45.7323324660353,62,221010,3,6,1,1,10,0
34.3734533919435,62,221010,3,6,1,1,11,0
12.1554350057711,62,221010,3,6,1,1,12,0
-14.0395699267834,62,221010,3,6,1,1,13,0
-40.0154071003201,62,221010,3,6,1,1,14,0
-61.9938608517174,62,221010,3,6,1,1,15,0
-75.0611202621947,62,221010,3,6,1,1,16,0
-76.5780236991221,62,221010,3,6,1,1,17,0
-63.9232002718404,62,221010,3,6,1,1,18,0
-46.4136806254553,62,221010,3,6,1,1,19,0
-31.5679103975291,62,221010,3,6,1,1,20,0
-28.138763768584,62,221010,3,6,1,1,21,0
-32.2077882305364,62,221010,3,6,1,1,22,0
-40.8855927197648,62,221010,3,6,1,1,23,0
-50.6266637404802,62,221010,3,6,1,1,24,0
-58.7250883235874,62,221010,3,6,1,1,25,0
-63.7849590646024,62,221010,3,6,1,1,26,0
-31.8783884089592,63,221007,1,1,1,1,1,0
-24.1932010240016,63,221007,1,1,1,1,2,0
-16.9295746479638,63,221007,1,1,1,1,3,0
-10.5587415441379,63,221007,1,1,1,1,4,0
-2.38444682483846,63,221007,1,1,1,1,5,0
5.36670507343078,63,221007,1,1,1,1,6,0
7.62130372902033,63,221007,1,1,1,1,7,0
-0.562143805059196,63,221007,1,1,1,1,8,0
-28.691515284827,63,221007,1,1,1,1,9,0
-65.704932161342,63,221007,1,1,1,1,10,0
-96.9234690723898,63,221007,1,1,1,1,11,0
-115.300910435986,63,221007,1,1,1,1,12,0
-113.545317137465,63,221007,1,1,1,1,13,0
-91.9225954273873,63,221007,1,1,1,1,14,0
-55.3415073573913,63,221007,1,1,1,1,15,0
-14.3730858603538,63,221007,1,1,1,1,16,0
19.8565524514303,63,221007,1,1,1,1,17,0
33.0715068367033,63,221007,1,1,1,1,18,0
17.6742756192673,63,221007,1,1,1,1,19,0
-16.9029406110899,63,221007,1,1,1,1,20,0
-51.5009332264924,63,221007,1,1,1,1,21,0
-67.4200518889177,63,221007,1,1,1,1,22,0
-68.5828827549644,63,221007,1,1,1,1,23,0
-61.7051843976675,63,221007,1,1,1,1,24,0
-52.9863459879731,63,221007,1,1,1,1,25,0
-44.3462159126159,63,221007,1,1,1,1,26,0
54.2335567973434,63,221007,1,5,1,1,1,0
66.7620151712341,63,221007,1,5,1,1,2,0
74.3788095482755,63,221007,1,5,1,1,3,0
72.7224644680255,63,221007,1,5,1,1,4,0
67.8431892759136,63,221007,1,5,1,1,5,0
63.2522241434472,63,221007,1,5,1,1,6,0
66.504696149256,63,221007,1,5,1,1,7,0
75.7016441169826,63,221007,1,5,1,1,8,0
80.4499064472798,63,221007,1,5,1,1,9,0
76.2430625124107,63,221007,1,5,1,1,10,0
72.3873512453319,63,221007,1,5,1,1,11,0
66.71213179608,63,221007,1,5,1,1,12,0
55.7762670997022,63,221007,1,5,1,1,13,0
33.670516864639,63,221007,1,5,1,1,14,0
5.57094062594483,63,221007,1,5,1,1,15,0
-16.4711611186192,63,221007,1,5,1,1,16,0
-22.5049839729302,63,221007,1,5,1,1,17,0
-15.7097247018248,63,221007,1,5,1,1,18,0
-12.167329126974,63,221007,1,5,1,1,19,0
-17.5631712585305,63,221007,1,5,1,1,20,0
-25.7368180186563,63,221007,1,5,1,1,21,0
-22.9408851567056,63,221007,1,5,1,1,22,0
-10.6912918519459,63,221007,1,5,1,1,23,0
7.18046819244073,63,221007,1,5,1,1,24,0
24.9243656803403,63,221007,1,5,1,1,25,0
40.021839192633,63,221007,1,5,1,1,26,0
-16.1386715400862,63,221007,1,6,1,1,1,0
10.3296821748545,63,221007,1,6,1,1,2,0
35.5598543422426,63,221007,1,6,1,1,3,0
50.0496623091259,63,221007,1,6,1,1,4,0
49.7794035568244,63,221007,1,6,1,1,5,0
36.2968765686557,63,221007,1,6,1,1,6,0
7.46220472539945,63,221007,1,6,1,1,7,0
-36.1487143245805,63,221007,1,6,1,1,8,0
-66.4829665911345,63,221007,1,6,1,1,9,0
-67.4855361306638,63,221007,1,6,1,1,10,0
-48.055112097399,63,221007,1,6,1,1,11,0
-30.9314029842801,63,221007,1,6,1,1,12,0
-27.139683113939,63,221007,1,6,1,1,13,0
-35.653048374538,63,221007,1,6,1,1,14,0
-51.6090978356893,63,221007,1,6,1,1,15,0
-65.4321691556565,63,221007,1,6,1,1,16,0
-65.9946002142418,63,221007,1,6,1,1,17,0
-44.4210987340337,63,221007,1,6,1,1,18,0
0.59257480729345,63,221007,1,6,1,1,19,0
49.3753024802617,63,221007,1,6,1,1,20,0
74.1370523846785,63,221007,1,6,1,1,21,0
74.4054938354108,63,221007,1,6,1,1,22,0
55.0574926880486,63,221007,1,6,1,1,23,0
31.9948288102454,63,221007,1,6,1,1,24,0
15.7660425737181,63,221007,1,6,1,1,25,0
8.28425715134843,63,221007,1,6,1,1,26,0
-40.5882604105705,63,221008,2,1,1,1,1,0
-28.4246498579721,63,221008,2,1,1,1,2,0
-9.43092498191359,63,221008,2,1,1,1,3,0
13.1938216427461,63,221008,2,1,1,1,4,0
32.7174648842018,63,221008,2,1,1,1,5,0
43.4968536826346,63,221008,2,1,1,1,6,0
44.2927568641747,63,221008,2,1,1,1,7,0
33.2952240994374,63,221008,2,1,1,1,8,0
8.34148817173417,63,221008,2,1,1,1,9,0
-30.5173313025193,63,221008,2,1,1,1,10,0
-74.2453903952185,63,221008,2,1,1,1,11,0
-121.764303478686,63,221008,2,1,1,1,12,0
-165.923078181229,63,221008,2,1,1,1,13,0
-202.442300430825,63,221008,2,1,1,1,14,0
-222.584103844966,63,221008,2,1,1,1,15,0
-221.772383049581,63,221008,2,1,1,1,16,0
-211.21487780501,63,221008,2,1,1,1,17,0
-199.935719761442,63,221008,2,1,1,1,18,0
-197.501956417579,63,221008,2,1,1,1,19,0
-197.981372818641,63,221008,2,1,1,1,20,0
-196.085886232998,63,221008,2,1,1,1,21,0
-179.502288204792,63,221008,2,1,1,1,22,0
-156.79347368678,63,221008,2,1,1,1,23,0
-130.012415655336,63,221008,2,1,1,1,24,0
-103.76963059458,63,221008,2,1,1,1,25,0
-79.6109958836189,63,221008,2,1,1,1,26,0
10.9737925847364,63,221008,2,2,1,1,1,0
14.455191668397,63,221008,2,2,1,1,2,0
19.3402778933912,63,221008,2,2,1,1,3,0
26.3538446480211,63,221008,2,2,1,1,4,0
33.1703736980719,63,221008,2,2,1,1,5,0
37.1337591887422,63,221008,2,2,1,1,6,0
38.739938699401,63,221008,2,2,1,1,7,0
35.1464114592783,63,221008,2,2,1,1,8,0
27.5754317058049,63,221008,2,2,1,1,9,0
10.1301684469804,63,221008,2,2,1,1,10,0
-15.2420578810512,63,221008,2,2,1,1,11,0
-49.5756508525671,63,221008,2,2,1,1,12,0
-84.9351175239028,63,221008,2,2,1,1,13,0
-114.82634267626,63,221008,2,2,1,1,14,0
-132.083316854192,63,221008,2,2,1,1,15,0
-133.485748667085,63,221008,2,2,1,1,16,0
-123.783427772866,63,221008,2,2,1,1,17,0
-105.501309930363,63,221008,2,2,1,1,18,0
-90.1057201032974,63,221008,2,2,1,1,19,0
-80.6768690987094,63,221008,2,2,1,1,20,0
-78.5315240858799,63,221008,2,2,1,1,21,0
-74.5711726025842,63,221008,2,2,1,1,22,0
-67.783697215918,63,221008,2,2,1,1,23,0
-57.2822789854167,63,221008,2,2,1,1,24,0
-46.1469532782816,63,221008,2,2,1,1,25,0
-36.3407031136565,63,221008,2,2,1,1,26,0
11.035199568338,63,221009,3,7,1,1,1,0
-2.6149778834269,63,221009,3,7,1,1,2,0
-16.7833448537579,63,221009,3,7,1,1,3,0
-33.214899846165,63,221009,3,7,1,1,4,0
-44.8990414991281,63,221009,3,7,1,1,5,0
-52.048985962016,63,221009,3,7,1,1,6,0
-52.3413935907996,63,221009,3,7,1,1,7,0
-39.1452367251863,63,221009,3,7,1,1,8,0
-21.3477101082156,63,221009,3,7,1,1,9,0
-1.53352631588247,63,221009,3,7,1,1,10,0
15.4731854814178,63,221009,3,7,1,1,11,0
27.3454045969047,63,221009,3,7,1,1,12,0
43.7582852971393,63,221009,3,7,1,1,13,0
61.314064653707,63,221009,3,7,1,1,14,0
78.1490919837193,63,221009,3,7,1,1,15,0
100.15808027426,63,221009,3,7,1,1,16,0
125.232353977331,63,221009,3,7,1,1,17,0
144.252193798938,63,221009,3,7,1,1,18,0
146.770942110298,63,221009,3,7,1,1,19,0
129.155417638901,63,221009,3,7,1,1,20,0
88.5755043102508,63,221009,3,7,1,1,21,0
40.8912148901465,63,221009,3,7,1,1,22,0
-2.56315135359618,63,221009,3,7,1,1,23,0
-32.2632545954014,63,221009,3,7,1,1,24,0
-48.057025408061,63,221009,3,7,1,1,25,0
-54.9086395432738,63,221009,3,7,1,1,26,0
-45.2901877688147,63,221009,3,8,1,1,1,0
-55.4376186969614,63,221009,3,8,1,1,2,0
-62.3313230810644,63,221009,3,8,1,1,3,0
-64.1739665795491,63,221009,3,8,1,1,4,0
-56.5572851617771,63,221009,3,8,1,1,5,0
-44.4166003905723,63,221009,3,8,1,1,6,0
-32.3716027753361,63,221009,3,8,1,1,7,0
-23.985798491263,63,221009,3,8,1,1,8,0
-24.5469810766267,63,221009,3,8,1,1,9,0
-34.5160260674778,63,221009,3,8,1,1,10,0
-51.8660819580465,63,221009,3,8,1,1,11,0
-73.9645213588471,63,221009,3,8,1,1,12,0
-93.8501081303696,63,221009,3,8,1,1,13,0
-101.705586825005,63,221009,3,8,1,1,14,0
-92.2401419305049,63,221009,3,8,1,1,15,0
-60.6672377734546,63,221009,3,8,1,1,16,0
-14.2712012583563,63,221009,3,8,1,1,17,0
32.8926084904442,63,221009,3,8,1,1,18,0
65.6979345357531,63,221009,3,8,1,1,19,0
74.9071598909096,63,221009,3,8,1,1,20,0
60.857634139781,63,221009,3,8,1,1,21,0
40.0460667653914,63,221009,3,8,1,1,22,0
22.8131633249161,63,221009,3,8,1,1,23,0
11.23277937697,63,221009,3,8,1,1,24,0
4.08658282510725,63,221009,3,8,1,1,25,0
-1.64442432756451,63,221009,3,8,1,1,26,0
-16.9305810046584,63,221009,3,9,1,1,1,0
-2.39413946576371,63,221009,3,9,1,1,2,0
10.5195895694901,63,221009,3,9,1,1,3,0
17.8292465967373,63,221009,3,9,1,1,4,0
19.8510917679042,63,221009,3,9,1,1,5,0
18.6729681196092,63,221009,3,9,1,1,6,0
18.3066601617568,63,221009,3,9,1,1,7,0
19.0505777083701,63,221009,3,9,1,1,8,0
18.6616788088891,63,221009,3,9,1,1,9,0
15.0288020426405,63,221009,3,9,1,1,10,0
10.3610211617935,63,221009,3,9,1,1,11,0
4.8072409907287,63,221009,3,9,1,1,12,0
2.54846568440438,63,221009,3,9,1,1,13,0
0.974590634327039,63,221009,3,9,1,1,14,0
-3.27286544336617,63,221009,3,9,1,1,15,0
-11.2839990569359,63,221009,3,9,1,1,16,0
-19.1289943258988,63,221009,3,9,1,1,17,0
-22.5480635445479,63,221009,3,9,1,1,18,0
-22.2298429400089,63,221009,3,9,1,1,19,0
-21.2374492535244,63,221009,3,9,1,1,20,0
-23.6221113825213,63,221009,3,9,1,1,21,0
-24.5201069095973,63,221009,3,9,1,1,22,0
-26.8089253375819,63,221009,3,9,1,1,23,0
-28.5867320169401,63,221009,3,9,1,1,24,0
-28.3933293841844,63,221009,3,9,1,1,25,0
-24.3481071861373,63,221009,3,9,1,1,26,0
-59.1646901285561,63,221009,3,22,1,1,1,0
-69.2537047488862,63,221009,3,22,1,1,2,0
-65.4431423790118,63,221009,3,22,1,1,3,0
-62.5054247489081,63,221009,3,22,1,1,4,0
-45.8115444071285,63,221009,3,22,1,1,5,0
-22.3826999293888,63,221009,3,22,1,1,6,0
1.45926959811123,63,221009,3,22,1,1,7,0
16.1247973659067,63,221009,3,22,1,1,8,0
23.2870416908348,63,221009,3,22,1,1,9,0
22.2539323878277,63,221009,3,22,1,1,10,0
11.8216291536542,63,221009,3,22,1,1,11,0
-0.305979536612683,63,221009,3,22,1,1,12,0
-13.1270434138178,63,221009,3,22,1,1,13,0
-21.4881236980204,63,221009,3,22,1,1,14,0
-28.5408724795016,63,221009,3,22,1,1,15,0
-35.4419994958188,63,221009,3,22,1,1,16,0
-44.1752840601743,63,221009,3,22,1,1,17,0
-50.6666274335759,63,221009,3,22,1,1,18,0
-54.2409180855137,63,221009,3,22,1,1,19,0
-56.9744850558878,63,221009,3,22,1,1,20,0
-55.9489136374067,63,221009,3,22,1,1,21,0
-54.3554340022194,63,221009,3,22,1,1,22,0
-52.8664163571661,63,221009,3,22,1,1,23,0
-52.1229209951682,63,221009,3,22,1,1,24,0
-52.0465279820115,63,221009,3,22,1,1,25,0
-51.8382705952377,63,221009,3,22,1,1,26,0
-182.013134803748,65,221018,1,23,1,1,1,0
-161.193508242405,65,221018,1,23,1,1,2,0
-127.94915237181,65,221018,1,23,1,1,3,0
-88.0183629225807,65,221018,1,23,1,1,4,0
-41.5995788163257,65,221018,1,23,1,1,5,0
1.60552957382025,65,221018,1,23,1,1,6,0
38.4482960216264,65,221018,1,23,1,1,7,0
69.7952581557334,65,221018,1,23,1,1,8,0
51.7786280990914,65,221018,1,23,1,1,9,0
5.07856148845257,65,221018,1,23,1,1,10,0
-47.5041334408368,65,221018,1,23,1,1,11,0
-88.0928179208304,65,221018,1,23,1,1,12,0
-111.150310843205,65,221018,1,23,1,1,13,0
-122.560192751805,65,221018,1,23,1,1,14,0
-127.83465736069,65,221018,1,23,1,1,15,0
-132.582153984971,65,221018,1,23,1,1,16,0
-136.830413344198,65,221018,1,23,1,1,17,0
-133.135909862661,65,221018,1,23,1,1,18,0
-120.020128952182,65,221018,1,23,1,1,19,0
-103.810453791656,65,221018,1,23,1,1,20,0
-104.803833971898,65,221018,1,23,1,1,21,0
-128.092883662413,65,221018,1,23,1,1,22,0
-157.788894895006,65,221018,1,23,1,1,23,0
-185.046275971103,65,221018,1,23,1,1,24,0
-208.700746906,65,221018,1,23,1,1,25,0
-227.872643933116,65,221018,1,23,1,1,26,0
-423.12739648659,65,221019,2,1,1,1,1,0
-395.701686207311,65,221019,2,1,1,1,2,0
-364.21587844656,65,221019,2,1,1,1,3,0
-315.725697193103,65,221019,2,1,1,1,4,0
-273.233310610906,65,221019,2,1,1,1,5,0
-242.18157043526,65,221019,2,1,1,1,6,0
-226.828877191477,65,221019,2,1,1,1,7,0
-218.885633444735,65,221019,2,1,1,1,8,0
-193.907756331476,65,221019,2,1,1,1,9,0
-145.569706060203,65,221019,2,1,1,1,10,0
-110.800055282744,65,221019,2,1,1,1,11,0
-106.331131290765,65,221019,2,1,1,1,12,0
-117.627774560815,65,221019,2,1,1,1,13,0
-114.77963894689,65,221019,2,1,1,1,14,0
-86.206715658761,65,221019,2,1,1,1,15,0
-41.9089244515329,65,221019,2,1,1,1,16,0
-9.4782256473028,65,221019,2,1,1,1,17,0
-10.9098931165969,65,221019,2,1,1,1,18,0
-38.8937993258603,65,221019,2,1,1,1,19,0
-78.1287350115648,65,221019,2,1,1,1,20,0
-90.814284952557,65,221019,2,1,1,1,21,0
-86.0249187251253,65,221019,2,1,1,1,22,0
-67.3319677876256,65,221019,2,1,1,1,23,0
-52.1617067009876,65,221019,2,1,1,1,24,0
-48.6683082818756,65,221019,2,1,1,1,25,0
-58.9586048952331,65,221019,2,1,1,1,26,0
