resFR,isCorrect,AnimalID,RecDate,NovelDay,CellID,CellType
-0.0558576767211355,1,11,200131,2,5,1
-0.450488806061027,1,11,200131,2,12,1
-0.0632874358594057,1,11,200131,2,23,1
-0.0439038293199424,1,11,200131,2,25,1
-0.0100757106145779,1,11,200131,2,51,1
0.0281792056326377,1,11,200201,3,1,1
-0.234096953807872,1,11,200201,3,19,1
-0.141541031918038,1,11,200201,3,62,1
-0.768001536440424,1,11,200201,3,95,1
-0.13567235921898,1,11,200201,3,120,1
0.11957883211837,1,11,200201,3,154,1
-0.594445926044642,1,11,200201,3,178,1
-0.427584683390366,1,11,200201,3,532,1
0.759829396756903,1,11,200201,3,549,1
-0.307615095989611,1,11,200201,3,561,1
-0.0260195538649604,1,11,200201,3,609,1
0.10756907069017,1,11,200201,3,611,1
-0.0945140261711363,1,11,200203,1,96,1
-0.397919865564446,1,11,200203,1,146,1
-0.472734354006527,1,11,200203,1,168,1
0.2959269160292,1,11,200203,1,311,1
-0.655474618115584,1,11,200203,1,412,1
-0.325493355269807,1,11,200204,2,17,1
-0.431503773177602,1,11,200204,2,44,1
-0.116557587984307,1,11,200204,2,77,1
0.379131097652439,1,11,200204,2,155,1
0.0815056103291293,1,11,200204,2,157,1
-0.150194217156527,1,11,200204,2,159,1
-0.519836694833124,1,11,200205,3,208,1
-0.602082365857777,1,11,200205,3,210,1
-0.768751091487874,1,11,200205,3,224,1
-0.596604662993654,1,11,200205,3,232,1
-0.499147152972744,1,11,200205,3,242,1
-0.467198263084448,1,18,200815,2,343,1
-0.322589544872201,1,18,200816,3,33,1
-0.194296139439229,1,18,200816,3,60,1
0.0931717563342632,1,18,200816,3,255,1
-0.763010052820577,1,18,200816,3,379,1
-0.226106506408815,1,18,200816,3,452,1
-0.391623283734124,1,18,200816,3,546,1
-0.26290852311516,1,18,200818,1,104,1
0.381911012448771,1,18,200818,1,106,1
-0.263714405652622,1,18,200818,1,116,1
-0.101125561280787,1,18,200818,1,323,1
-0.262264069478957,1,18,200818,1,421,1
0.485051812984086,1,18,200819,2,39,1
-0.506461009027847,1,18,200819,2,56,1
0.10971109358012,1,18,200819,2,175,1
-0.307320113145973,1,18,200819,2,177,1
0.0803478611330953,1,18,200819,2,182,1
0.291677147831863,1,18,200819,2,203,1
-0.416625092803705,1,18,200819,2,483,1
0.26849504094867,1,18,200820,3,18,1
-0.0698489742134148,1,18,200820,3,51,1
0.175688019879949,1,18,200820,3,501,1
-0.646033082781749,1,18,200820,3,549,1
-0.0834942758098632,1,21,201010,1,2,1
-0.647082342418974,1,21,201010,1,116,1
-0.79850921052408,1,21,201010,1,133,1
0.115966870753219,1,21,201011,2,5,1
-0.479817393397112,1,21,201011,2,165,1
0.0140574493920034,1,21,201011,2,167,1
-0.718993350220478,1,21,201011,2,240,1
0.153992593404779,1,21,201012,3,53,1
-0.797187887628878,1,21,201012,3,233,1
-0.436380274731503,1,21,201014,1,232,1
0.213542822458718,1,21,201014,1,362,1
-0.614451412376335,1,21,201014,1,729,1
-0.570811432500557,1,21,201015,2,28,1
-0.651140322353132,1,21,201015,2,104,1
-0.0065262502381197,1,21,201015,2,156,1
-0.436563082779748,1,21,201015,2,333,1
-0.185441141751717,1,21,201016,3,89,1
-0.399973040448162,1,24,201113,1,699,1
-0.491480026413689,1,24,201113,1,740,1
-0.162389584232786,1,24,201114,2,5,1
-0.546133004583568,1,24,201114,2,24,1
-0.466475221387541,1,24,201114,2,64,1
-0.863324854155137,1,24,201115,3,103,1
-0.513009919968251,1,24,201115,3,105,1
0.109412485245629,1,24,201115,3,128,1
-0.389004316070308,1,24,201115,3,495,1
-0.26575176697219,1,24,201115,3,871,1
-0.0710281688015005,1,24,201115,3,942,1
0.25539086138402,1,24,201115,3,954,1
-0.191274365776995,1,24,201117,1,174,1
-0.24210588971811,1,24,201117,1,446,1
-0.445124539184797,1,24,201117,1,562,1
-0.352080136089003,1,24,201117,1,590,1
-0.105509893431169,1,24,201117,1,665,1
-0.314865949530935,1,24,201117,1,700,1
-0.55380858264349,1,24,201118,2,88,1
-0.597809869260925,1,24,201118,2,94,1
-0.517586592710013,1,24,201118,2,130,1
-0.419122285140148,1,24,201118,2,143,1
-0.370727776110005,1,24,201118,2,293,1
-0.633136402601662,1,24,201118,2,516,1
-0.248209754175147,1,24,201119,3,110,1
-0.3168608436562,1,24,201119,3,181,1
-0.439892608876764,1,24,201119,3,541,1
-0.717892169499796,1,45,211007,1,29,1
-0.445190662057726,1,45,211007,1,61,1
0.366216753972318,1,45,211007,1,119,1
-0.687752014805783,1,45,211007,1,128,1
-0.707532769162455,1,45,211007,1,145,1
-0.709748964014011,1,45,211007,1,172,1
-0.38288238624354,1,45,211008,2,69,1
0.0804538666913726,1,45,211008,2,74,1
-0.736862020137597,1,45,211008,2,84,1
0.321993849010486,1,45,211010,3,13,1
0.413960556476192,1,45,211010,3,121,1
0.236209661303361,1,45,211010,3,127,1
0.00141568427123168,1,45,211010,3,131,1
0.462826711532233,1,45,211010,3,136,1
0.354524204754744,1,45,211010,3,301,1
-0.815885582426158,1,45,211012,1,24,1
-0.662940792687403,1,45,211012,1,63,1
0.289998995534229,1,45,211012,1,93,1
0.0578994362959999,1,45,211012,1,180,1
-0.709720339260859,1,45,211013,2,8,1
-0.718571098114423,1,45,211013,2,15,1
-0.729731722239671,1,45,211013,2,55,1
-0.618483894385273,1,45,211013,2,115,1
-0.454354543321719,1,45,211013,2,127,1
-0.255088963338666,1,45,211013,2,163,1
-0.79596306427292,1,45,211013,2,200,1
-0.150377695688403,1,45,211014,3,72,1
-0.545724582362695,1,45,211014,3,74,1
-0.485283996190245,1,45,211014,3,78,1
-0.39714241194736,1,45,211014,3,82,1
-0.535885797464102,1,45,211014,3,84,1
-0.284345712798834,1,45,211014,3,91,1
-0.841390367200336,1,45,211014,3,105,1
-0.326528508390904,1,45,211014,3,216,1
-0.458218629023834,1,46,211017,1,28,1
-0.508373025122512,1,46,211017,1,106,1
0.043771487962329,1,46,211017,1,110,1
-0.716787287770883,1,46,211017,1,122,1
0.346740236967168,1,46,211017,1,262,1
0.574152875989553,1,46,211018,2,35,1
-0.229921733944847,1,46,211018,2,58,1
-0.579387702391768,1,46,211018,2,96,1
-0.374033101157712,1,46,211018,2,102,1
-0.175480116136223,1,46,211018,2,104,1
-0.232857891509739,1,46,211018,2,255,1
-0.408146925593299,1,46,211019,3,306,1
-0.293316194726509,1,46,211021,2,15,1
-0.586210063025222,1,46,211021,2,34,1
-0.546494177802008,1,46,211021,2,38,1
-0.661566406794529,1,46,211021,2,43,1
-0.685447799937189,1,46,211021,2,56,1
-0.00288851487544217,1,46,211021,2,123,1
-0.114685724100093,1,46,211021,2,157,1
0.0971758342616072,1,46,211022,3,62,1
-0.158052918305063,1,46,211022,3,188,1
-0.174821658723942,1,46,211022,3,206,1
-0.276505861938391,1,46,211022,3,384,1
-0.435405665053354,1,46,211022,3,394,1
0.145041741066651,1,46,211022,3,411,1
-0.127209563800476,1,46,211022,3,535,1
-0.569182631410911,1,46,211022,3,821,1
-0.398571414068522,1,47,211017,1,98,1
-0.627256115823798,1,47,211017,1,100,1
-0.0887656644327767,1,47,211017,1,281,1
0.056774514056502,1,47,211017,1,324,1
-0.778860008082241,1,47,211018,2,90,1
-0.474892157406123,1,47,211018,2,100,1
-0.827541393381741,1,47,211018,2,110,1
-0.328258910311495,1,47,211018,2,128,1
-0.414168701322323,1,47,211018,2,223,1
-0.859140104693562,1,47,211019,3,41,1
-0.837629833976484,1,47,211019,3,67,1
-0.998897817086709,1,47,211019,3,74,1
-0.294431988481254,1,47,211019,3,202,1
-0.113879359945341,1,47,211019,3,268,1
-0.690335783395936,1,47,211020,1,7,1
-0.620123380487475,1,47,211020,1,56,1
-0.53519760567479,1,47,211020,1,87,1
-0.442388049682425,1,47,211020,1,106,1
-0.703271798551699,1,47,211020,1,258,1
-0.756316688256752,1,47,211020,1,259,1
-0.457415664021049,1,47,211020,1,273,1
-0.703578781659759,1,47,211021,2,5,1
-0.474981026376248,1,47,211021,2,18,1
-0.513287288689212,1,47,211021,2,48,1
-0.246328039696043,1,47,211021,2,112,1
0.285149191182585,1,47,211022,3,105,1
0.187717835929172,1,47,211022,3,202,1
0.110402459874639,1,47,211022,3,222,1
-0.599946867791903,1,47,211022,3,228,1
-0.148715824614324,1,47,211022,3,229,1
-0.677523614733642,1,47,211022,3,235,1
0.248483580741152,1,47,211022,3,245,1
-0.0570589700102344,1,47,211022,3,249,1
-0.184770149808593,1,47,211022,3,250,1
-0.40591886308907,1,47,211022,3,254,1
0.424055006359077,0,11,200131,2,5,1
-0.131174041507705,0,11,200131,2,12,1
0.0833741377412623,0,11,200131,2,23,1
0.0144344871332338,0,11,200131,2,25,1
-0.0797911923137788,0,11,200131,2,51,1
0.0652007138534143,0,11,200201,3,1,1
-0.0534738852095509,0,11,200201,3,19,1
-0.0203940143169142,0,11,200201,3,62,1
-0.612651340748207,0,11,200201,3,95,1
-0.164188306797323,0,11,200201,3,120,1
0.0689099523279287,0,11,200201,3,154,1
0.149793986171185,0,11,200201,3,178,1
-0.639912855528278,0,11,200201,3,532,1
0.297531698402967,0,11,200201,3,549,1
-0.00353721332043067,0,11,200201,3,561,1
0.197428764729386,0,11,200201,3,609,1
-0.00805464636817932,0,11,200201,3,611,1
-0.202459737363467,0,11,200203,1,96,1
-0.327962419752901,0,11,200203,1,146,1
-0.34247309322977,0,11,200203,1,168,1
-0.102291699142392,0,11,200203,1,311,1
-0.699553916735942,0,11,200203,1,412,1
0.112222759646957,0,11,200204,2,17,1
-0.0871517368221469,0,11,200204,2,44,1
-0.563583389147785,0,11,200204,2,77,1
-0.492561409563789,0,11,200204,2,155,1
-0.00877486678550665,0,11,200204,2,157,1
-0.54267934374299,0,11,200204,2,159,1
-0.381858294313422,0,11,200205,3,208,1
0.826636842210234,0,11,200205,3,210,1
-0.0638279965490436,0,11,200205,3,224,1
0.0172931568530947,0,11,200205,3,232,1
0.187290516879647,0,11,200205,3,242,1
-0.0151359085816419,0,18,200818,1,104,1
-0.396664974297651,0,18,200818,1,106,1
-0.752017700082091,0,18,200818,1,116,1
-0.0971208788347411,0,18,200818,1,323,1
0.492669247085053,0,18,200818,1,421,1
0.16623418848966,0,18,200819,2,39,1
-0.358111416706036,0,18,200819,2,56,1
-0.0880829527312595,0,18,200819,2,175,1
-0.473197257159031,0,18,200819,2,177,1
0.148465134798062,0,18,200819,2,182,1
0.0876918133099144,0,18,200819,2,203,1
0.0382079658911949,0,18,200819,2,483,1
-0.102019093821097,0,18,200820,3,18,1
-0.648459730528183,0,18,200820,3,51,1
-0.0651571838994423,0,18,200820,3,501,1
-0.158837371939554,0,18,200820,3,549,1
-0.300128277494843,0,21,201011,2,5,1
-0.279853910859555,0,21,201011,2,165,1
-0.119531168395525,0,21,201011,2,167,1
-0.000894289520577352,0,21,201011,2,240,1
-0.0215639110452676,0,24,201113,1,699,1
0.216866368699581,0,24,201113,1,740,1
-0.700667193629148,0,24,201117,1,174,1
-0.0457503983645638,0,24,201117,1,446,1
-0.445391235594184,0,24,201117,1,562,1
0.0911619194498461,0,24,201117,1,590,1
-0.23914377354601,0,24,201117,1,665,1
0.244595727568536,0,24,201117,1,700,1
0.00730396007892842,0,24,201118,2,88,1
0.303563016666596,0,24,201118,2,94,1
-0.830116613443246,0,24,201118,2,130,1
-0.236209070915394,0,24,201118,2,143,1
-0.429301532026425,0,24,201118,2,293,1
0.0388828668453626,0,24,201118,2,516,1
-0.383979641663167,0,45,211014,3,72,1
-0.437902943903456,0,45,211014,3,74,1
-0.247723280462686,0,45,211014,3,78,1
0.0864839118580778,0,45,211014,3,82,1
-0.590681725833831,0,45,211014,3,84,1
-0.420708707484136,0,45,211014,3,91,1
-0.365341629267088,0,45,211014,3,105,1
-0.549831079359283,0,45,211014,3,216,1
0.20454151703813,1,11,200131,2,14,2
0.133509617748382,1,11,200131,2,29,2
0.658580185520033,1,11,200131,2,41,2
0.772913920731676,1,11,200201,3,41,2
0.551467193431347,1,11,200201,3,63,2
-0.0795994433599193,1,11,200201,3,144,2
-0.462371993087825,1,11,200201,3,150,2
0.885911124515264,1,11,200201,3,156,2
-0.24987323243074,1,11,200201,3,197,2
-0.627269212113616,1,11,200201,3,205,2
-0.784790092225125,1,11,200201,3,224,2
-0.0389601500674153,1,11,200201,3,270,2
-0.448251286018553,1,11,200201,3,330,2
0.493524939929376,1,11,200201,3,345,2
0.692163858093515,1,11,200201,3,391,2
0.205069612012158,1,11,200201,3,423,2
0.70037433750274,1,11,200201,3,437,2
0.798533064196029,1,11,200201,3,453,2
0.812308434356535,1,11,200201,3,458,2
-0.432426017365508,1,11,200201,3,471,2
0.199481115585207,1,11,200201,3,495,2
0.999077647511931,1,11,200201,3,505,2
0.883640341852728,1,11,200201,3,539,2
0.482839384549018,1,11,200201,3,545,2
0.734637446782514,1,11,200201,3,565,2
0.199900283747693,1,11,200201,3,568,2
0.447270203926403,1,11,200201,3,571,2
0.00368096196967369,1,11,200201,3,572,2
0.0306935996788636,1,11,200201,3,576,2
0.477228431103695,1,11,200201,3,580,2
0.40197345389821,1,11,200201,3,582,2
-0.527211345139064,1,11,200201,3,583,2
0.775042369079614,1,11,200201,3,585,2
0.145817692628354,1,11,200201,3,587,2
0.712185605625808,1,11,200201,3,593,2
0.0117295270644288,1,11,200201,3,604,2
0.177857984398345,1,11,200203,1,30,2
0.218412410170007,1,11,200203,1,43,2
0.45502311777126,1,11,200203,1,53,2
0.495559447146963,1,11,200203,1,55,2
0.811952522745146,1,11,200203,1,142,2
-0.350341479934317,1,11,200203,1,152,2
0.29658084031797,1,11,200203,1,181,2
-0.0842917849028985,1,11,200203,1,249,2
0.526391550201088,1,11,200203,1,288,2
0.617815240673841,1,11,200203,1,334,2
-0.0523852838410394,1,11,200203,1,368,2
0.801448846903294,1,11,200203,1,419,2
0.624787701962605,1,11,200203,1,420,2
0.0183951356519204,1,11,200203,1,441,2
0.0524776507338263,1,11,200203,1,450,2
0.450623553011828,1,11,200203,1,457,2
0.79651084686487,1,11,200203,1,461,2
-0.327385455541689,1,11,200203,1,465,2
0.926769800426456,1,11,200203,1,468,2
0.0976356097015291,1,11,200204,2,3,2
0.195281741699911,1,11,200204,2,4,2
0.166313354141212,1,11,200204,2,28,2
0.601860301406137,1,11,200204,2,39,2
0.214599043675244,1,11,200204,2,87,2
-0.44407852538213,1,11,200204,2,98,2
0.0646145803778324,1,11,200204,2,110,2
0.131409132112492,1,11,200204,2,163,2
0.353890133400083,1,11,200204,2,195,2
0.27129329209385,1,11,200204,2,199,2
0.363762151640687,1,11,200204,2,205,2
-0.131442353599316,1,11,200204,2,225,2
0.31238719272712,1,11,200204,2,233,2
-0.356512481849,1,11,200204,2,245,2
-0.211274434516337,1,11,200204,2,250,2
0.602535675909748,1,11,200204,2,251,2
0.702682391182355,1,11,200204,2,252,2
0.33717532746156,1,11,200204,2,253,2
0.540989143813587,1,11,200204,2,262,2
0.359832727725819,1,11,200204,2,266,2
0.209477496623547,1,11,200204,2,273,2
0.191660873975835,1,11,200204,2,279,2
0.317982239408174,1,11,200204,2,282,2
-0.223248338685936,1,11,200205,3,0,2
-0.107082301097174,1,11,200205,3,1,2
0.142748286652865,1,11,200205,3,6,2
0.120400055033919,1,11,200205,3,21,2
0.471571867357871,1,11,200205,3,64,2
0.332035962322438,1,11,200205,3,74,2
0.699126326159009,1,11,200205,3,103,2
0.675085263622669,1,11,200205,3,115,2
0.557207960591002,1,11,200205,3,116,2
0.2008009777317,1,11,200205,3,118,2
0.689034307096268,1,11,200205,3,121,2
0.386159659465312,1,11,200205,3,146,2
-0.522025031099028,1,11,200205,3,168,2
0.396196665239592,1,11,200205,3,178,2
0.383859431010481,1,11,200205,3,238,2
0.429608854204187,1,11,200205,3,244,2
0.437026922401892,1,11,200205,3,275,2
0.509867869385944,1,11,200205,3,306,2
-0.566986673687619,1,11,200205,3,352,2
0.501323019883186,1,11,200205,3,407,2
0.669270013667779,1,11,200205,3,419,2
0.322995632282545,1,11,200205,3,423,2
0.385801060014227,1,11,200205,3,448,2
0.631650602213417,1,11,200205,3,456,2
-0.398470211424741,1,11,200205,3,460,2
0.502341984333209,1,11,200205,3,462,2
-0.133769476649646,1,11,200205,3,496,2
0.0593762467304836,1,11,200205,3,500,2
0.73324114412596,1,11,200205,3,538,2
0.394546774198441,1,11,200205,3,541,2
-0.129096415032297,1,11,200205,3,542,2
0.228274935617355,1,11,200205,3,547,2
0.811359524025923,1,11,200205,3,548,2
0.360721027633336,1,11,200205,3,549,2
0.28182579718222,1,11,200205,3,559,2
-0.729547111243017,1,11,200205,3,572,2
0.480875037118033,1,18,200814,1,217,2
0.378639895708923,1,18,200815,2,17,2
-0.503211779642284,1,18,200815,2,29,2
0.155114344324268,1,18,200815,2,99,2
-0.408540999096001,1,18,200815,2,142,2
-0.366570323680821,1,18,200815,2,152,2
0.218749573171785,1,18,200815,2,178,2
0.77382443288536,1,18,200815,2,188,2
-0.0637508359737501,1,18,200815,2,190,2
0.44310263927327,1,18,200815,2,222,2
0.315383974696854,1,18,200815,2,286,2
0.44991465280058,1,18,200815,2,292,2
0.334539210660931,1,18,200815,2,297,2
0.119696677698924,1,18,200815,2,300,2
-0.360673934622227,1,18,200815,2,322,2
0.384471724964675,1,18,200815,2,336,2
-0.14031993387323,1,18,200815,2,338,2
0.0604351669503425,1,18,200816,3,4,2
0.182914764583099,1,18,200816,3,31,2
0.493513923358459,1,18,200816,3,32,2
0.100807842876625,1,18,200816,3,47,2
-0.470293742258145,1,18,200816,3,53,2
-0.355657798772072,1,18,200816,3,61,2
-0.47014071349595,1,18,200816,3,66,2
-0.242700745421383,1,18,200816,3,93,2
-0.489459842550873,1,18,200816,3,249,2
-0.682538055654804,1,18,200816,3,291,2
0.226248408405457,1,18,200816,3,295,2
0.00690168895062016,1,18,200816,3,311,2
0.500182654471072,1,18,200816,3,323,2
0.601806587223994,1,18,200816,3,335,2
-0.329827714508125,1,18,200816,3,351,2
-0.0422962821331409,1,18,200816,3,411,2
-0.72812848752633,1,18,200816,3,462,2
0.424833342301181,1,18,200816,3,464,2
0.698617532270141,1,18,200816,3,565,2
0.0742205418572493,1,18,200816,3,574,2
0.115753594758931,1,18,200816,3,578,2
0.301899941264221,1,18,200816,3,584,2
0.639291386286356,1,18,200816,3,586,2
0.322146968765252,1,18,200816,3,592,2
0.727397915772169,1,18,200816,3,598,2
0.971082742708202,1,18,200816,3,605,2
-0.364429644415112,1,18,200816,3,610,2
-0.620897935135433,1,18,200816,3,611,2
-0.199529380543115,1,18,200816,3,615,2
-0.357852802418293,1,18,200816,3,616,2
-0.797832857543757,1,18,200816,3,617,2
-0.557505239742352,1,18,200816,3,619,2
0.0586848391586045,1,18,200816,3,622,2
0.391913422890197,1,18,200816,3,623,2
0.6523558653077,1,18,200818,1,122,2
0.836391825787537,1,18,200818,1,178,2
0.0523379788222912,1,18,200818,1,233,2
-0.00480985629478692,1,18,200818,1,425,2
0.230875716048346,1,18,200818,1,429,2
0.52857716924381,1,18,200818,1,433,2
0.392146000584484,1,18,200818,1,485,2
0.000752225663162839,1,18,200818,1,497,2
0.700604592329485,1,18,200818,1,509,2
0.622080148995219,1,18,200818,1,538,2
-0.166891720034245,1,18,200818,1,568,2
-0.224653417296016,1,18,200818,1,594,2
0.201080642189271,1,18,200818,1,634,2
0.14004229994087,1,18,200818,1,650,2
-0.36328902526402,1,18,200818,1,686,2
0.0407977651585143,1,18,200818,1,689,2
0.16659905698847,1,18,200818,1,695,2
-0.154876883346745,1,18,200818,1,705,2
0.677655844838618,1,18,200818,1,710,2
-0.180879258810848,1,18,200818,1,713,2
-0.233914301148182,1,18,200818,1,721,2
0.793032180936136,1,18,200818,1,723,2
0.633434380076196,1,18,200818,1,725,2
0.114559714097,1,18,200818,1,731,2
0.433355360936567,1,18,200819,2,2,2
0.7072457434338,1,18,200819,2,18,2
0.801341626606708,1,18,200819,2,48,2
0.171616815176384,1,18,200819,2,59,2
-0.10293827376716,1,18,200819,2,60,2
0.0791507778358649,1,18,200819,2,63,2
0.232118543807877,1,18,200819,2,127,2
0.749908636866773,1,18,200819,2,130,2
0.025405054207513,1,18,200819,2,201,2
0.229400173793767,1,18,200819,2,233,2
0.825250890182728,1,18,200819,2,243,2
0.540204369706074,1,18,200819,2,247,2
0.885554261566603,1,18,200819,2,252,2
0.417390252679237,1,18,200819,2,281,2
0.797376460226572,1,18,200819,2,283,2
0.0761383543008835,1,18,200819,2,289,2
0.872899663135021,1,18,200819,2,291,2
-0.334788555868291,1,18,200819,2,295,2
-0.033156085640959,1,18,200819,2,301,2
0.938063032090697,1,18,200819,2,303,2
0.695172177808293,1,18,200819,2,313,2
-0.375241153626387,1,18,200819,2,315,2
0.912794029360966,1,18,200819,2,319,2
0.288001387016236,1,18,200819,2,345,2
0.518237722300158,1,18,200819,2,396,2
0.657570040753083,1,18,200819,2,408,2
0.716426087272193,1,18,200819,2,421,2
0.0828639208578028,1,18,200819,2,436,2
0.219866562775634,1,18,200819,2,489,2
0.376597409281364,1,18,200819,2,496,2
0.316613260420727,1,18,200819,2,502,2
0.205146772168519,1,18,200819,2,504,2
0.810900310879427,1,18,200819,2,526,2
0.267493700963163,1,18,200819,2,528,2
0.699633433833472,1,18,200819,2,537,2
0.239223939669292,1,18,200819,2,541,2
0.146033659983418,1,18,200819,2,544,2
0.397203884552757,1,18,200819,2,558,2
0.284959808008641,1,18,200819,2,560,2
-0.459503545264187,1,18,200819,2,568,2
0.94734033023969,1,18,200819,2,580,2
-0.328317764711045,1,18,200819,2,581,2
0.941088295165149,1,18,200819,2,586,2
0.596265154579733,1,18,200820,3,0,2
0.324598101730554,1,18,200820,3,2,2
0.479115260189276,1,18,200820,3,6,2
0.435873072124412,1,18,200820,3,14,2
0.799844684527407,1,18,200820,3,31,2
-0.104240877010814,1,18,200820,3,56,2
0.277646021132383,1,18,200820,3,58,2
0.962339928408654,1,18,200820,3,59,2
-0.170097351963968,1,18,200820,3,62,2
0.999748081785612,1,18,200820,3,64,2
0.646963707585822,1,18,200820,3,68,2
0.361011413949808,1,18,200820,3,72,2
-0.266136606223754,1,18,200820,3,73,2
-0.177467183525095,1,18,200820,3,74,2
0.498236187299331,1,18,200820,3,91,2
0.843413334505392,1,18,200820,3,95,2
0.991954416220849,1,18,200820,3,116,2
0.308064038649063,1,18,200820,3,134,2
0.584736707205439,1,18,200820,3,142,2
0.59332756424906,1,18,200820,3,152,2
0.80741159764377,1,18,200820,3,157,2
-0.00153196629080349,1,18,200820,3,165,2
0.32148376985096,1,18,200820,3,189,2
0.336212372111496,1,18,200820,3,267,2
0.50926084990782,1,18,200820,3,284,2
0.00951517139719266,1,18,200820,3,288,2
-0.237908195018801,1,18,200820,3,296,2
0.52440420804476,1,18,200820,3,307,2
0.451746813844971,1,18,200820,3,327,2
0.188150802215393,1,18,200820,3,335,2
0.260269976165767,1,18,200820,3,341,2
0.779943765540607,1,18,200820,3,347,2
0.992966380018193,1,18,200820,3,351,2
0.927242572246227,1,18,200820,3,377,2
0.535738511652533,1,18,200820,3,407,2
0.552583749521749,1,18,200820,3,419,2
0.446438251891905,1,18,200820,3,427,2
0.823366334427235,1,18,200820,3,433,2
0.536935104977098,1,18,200820,3,490,2
0.204972744113512,1,18,200820,3,492,2
0.94496403453335,1,18,200820,3,497,2
0.946375274458383,1,18,200820,3,530,2
0.218061529699801,1,18,200820,3,531,2
0.0364414650429589,1,18,200820,3,534,2
0.46733877509181,1,18,200820,3,537,2
0.562640847175051,1,18,200820,3,538,2
0.23510110020027,1,18,200820,3,539,2
0.19258786558011,1,18,200820,3,548,2
0.497827934630108,1,18,200820,3,553,2
0.810753010977332,1,18,200820,3,554,2
0.628945526353002,1,18,200820,3,557,2
-0.545506415187978,1,18,200820,3,585,2
0.386732303609406,1,21,201010,1,29,2
0.220063423886084,1,21,201010,1,104,2
0.953367170958284,1,21,201010,1,126,2
0.383935352829689,1,21,201010,1,137,2
0.377343361143198,1,21,201010,1,141,2
0.718645370389219,1,21,201010,1,149,2
0.912842299201985,1,21,201010,1,154,2
-0.235707921169759,1,21,201010,1,170,2
-0.022454028752735,1,21,201010,1,172,2
0.212925911654844,1,21,201010,1,179,2
0.252456886546759,1,21,201010,1,189,2
-0.135193474677294,1,21,201010,1,191,2
0.887965909649666,1,21,201010,1,193,2
0.894207973593205,1,21,201010,1,201,2
0.692013756209513,1,21,201010,1,205,2
0.0676985113319653,1,21,201010,1,209,2
0.89649407262737,1,21,201010,1,233,2
0.289586400727524,1,21,201010,1,272,2
0.879615567318395,1,21,201010,1,275,2
0.457848813438787,1,21,201010,1,287,2
0.80387667147699,1,21,201010,1,289,2
0.28816424051683,1,21,201010,1,293,2
0.964040916940957,1,21,201010,1,302,2
-0.160914595978034,1,21,201010,1,311,2
-0.699823516981746,1,21,201011,2,11,2
0.964694871656244,1,21,201011,2,178,2
-0.281369621735527,1,21,201011,2,242,2
-0.252572856359781,1,21,201011,2,246,2
0.699487025445703,1,21,201011,2,263,2
0.161052161665145,1,21,201011,2,267,2
0.414718555444261,1,21,201011,2,279,2
0.138645674549641,1,21,201011,2,384,2
0.377493638160648,1,21,201011,2,428,2
-0.547478141222609,1,21,201011,2,438,2
-0.26027051711984,1,21,201011,2,440,2
-0.42203117480017,1,21,201011,2,452,2
0.187701080408315,1,21,201011,2,460,2
-0.455962556400158,1,21,201011,2,468,2
-0.42437250957409,1,21,201011,2,474,2
-0.158060983523297,1,21,201011,2,484,2
-0.402463068946951,1,21,201011,2,498,2
0.297110491471393,1,21,201011,2,502,2
0.555092777164022,1,21,201011,2,517,2
0.0274835476898362,1,21,201011,2,532,2
0.132371838016371,1,21,201011,2,536,2
0.740933284582097,1,21,201012,3,1,2
0.814538042465933,1,21,201012,3,5,2
-0.605520872531867,1,21,201012,3,16,2
-0.532906626941321,1,21,201012,3,34,2
0.0901011592601186,1,21,201012,3,36,2
0.143436236541352,1,21,201012,3,39,2
0.0402893663970442,1,21,201012,3,102,2
-0.342503858984727,1,21,201012,3,130,2
-0.373711699365823,1,21,201012,3,136,2
0.151343290859515,1,21,201012,3,142,2
0.0934125398636392,1,21,201012,3,146,2
0.244646764034823,1,21,201012,3,156,2
-0.495128510059367,1,21,201012,3,158,2
-0.716168422820771,1,21,201012,3,166,2
-0.178136576024326,1,21,201012,3,170,2
0.234308320460856,1,21,201012,3,182,2
0.651021996318923,1,21,201012,3,184,2
-0.02400910311389,1,21,201012,3,188,2
-0.10952106834858,1,21,201012,3,192,2
0.75807376359697,1,21,201012,3,245,2
-0.30290190959324,1,21,201012,3,256,2
0.240071121632655,1,21,201012,3,263,2
0.39170014845889,1,21,201012,3,267,2
0.124395977813509,1,21,201012,3,268,2
0.0419087564619934,1,21,201012,3,271,2
0.743046457088856,1,21,201012,3,272,2
0.8634743923506,1,21,201014,1,72,2
-0.0245979554381139,1,21,201014,1,119,2
-0.341644454558767,1,21,201014,1,138,2
0.097020650917184,1,21,201014,1,155,2
0.989811019343914,1,21,201014,1,172,2
0.921649868835421,1,21,201014,1,195,2
-0.26236095836186,1,21,201014,1,252,2
0.187739086731265,1,21,201014,1,254,2
0.24992111174454,1,21,201014,1,262,2
0.309022392787636,1,21,201014,1,270,2
0.194283627231158,1,21,201014,1,284,2
0.156609205216578,1,21,201014,1,291,2
0.0569610385962873,1,21,201014,1,315,2
-0.21624538492533,1,21,201014,1,326,2
0.270194628605725,1,21,201014,1,332,2
-0.652829164575777,1,21,201014,1,337,2
-0.0363169491132643,1,21,201014,1,347,2
0.106366040178441,1,21,201014,1,370,2
0.444379753361359,1,21,201014,1,378,2
0.166460119437409,1,21,201014,1,390,2
0.0770477556863012,1,21,201014,1,398,2
0.300978398148843,1,21,201014,1,406,2
-0.00370444583419759,1,21,201014,1,421,2
0.581122105289988,1,21,201014,1,438,2
0.72864663444314,1,21,201014,1,443,2
-0.00468299248664727,1,21,201014,1,451,2
0.673126175242238,1,21,201014,1,467,2
0.66971828216631,1,21,201014,1,504,2
0.0676282947030981,1,21,201014,1,615,2
0.316731796357048,1,21,201014,1,636,2
0.339998151972047,1,21,201014,1,645,2
0.790939829323137,1,21,201014,1,647,2
0.637068672861547,1,21,201014,1,665,2
0.072865556275204,1,21,201014,1,668,2
0.460509072705406,1,21,201014,1,676,2
0.262908958135736,1,21,201014,1,682,2
0.345564732028987,1,21,201014,1,686,2
0.866680102239319,1,21,201014,1,713,2
-0.00510985228378252,1,21,201014,1,735,2
0.833016952931231,1,21,201014,1,739,2
0.570519913028681,1,21,201015,2,19,2
-0.00453369804346417,1,21,201015,2,21,2
-0.0258143535927595,1,21,201015,2,31,2
0.103447595325813,1,21,201015,2,105,2
0.270645487913212,1,21,201015,2,111,2
-0.141609783880499,1,21,201015,2,150,2
-0.0743035649623897,1,21,201015,2,186,2
0.262753930243118,1,21,201015,2,198,2
0.822164475471804,1,21,201015,2,204,2
0.289351292560135,1,21,201015,2,214,2
0.151279943938689,1,21,201015,2,216,2
0.753574612039892,1,21,201015,2,224,2
0.242910097926534,1,21,201015,2,232,2
0.516030832170324,1,21,201015,2,236,2
0.998628928186303,1,21,201015,2,255,2
0.635842541793999,1,21,201015,2,265,2
0.0666577523405968,1,21,201015,2,355,2
0.264730524039272,1,21,201015,2,358,2
-0.00680153802999961,1,21,201015,2,379,2
-0.0486265258720014,1,21,201015,2,399,2
0.437598092994304,1,21,201015,2,402,2
-0.436418912771741,1,21,201015,2,417,2
-0.19810136427392,1,21,201016,3,9,2
0.81898682571102,1,21,201016,3,12,2
0.149531579815847,1,21,201016,3,24,2
0.515976777623792,1,21,201016,3,56,2
0.265743112880552,1,21,201016,3,63,2
0.0236348689754912,1,21,201016,3,75,2
0.417902423542469,1,21,201016,3,91,2
0.565738231664344,1,21,201016,3,95,2
0.257401032067522,1,21,201016,3,137,2
0.408125829805227,1,21,201016,3,188,2
0.625296404617415,1,21,201016,3,191,2
0.529756279398301,1,21,201016,3,204,2
0.651645053666619,1,21,201016,3,210,2
0.839010434119395,1,21,201016,3,218,2
0.449782270450759,1,21,201016,3,221,2
0.597626989086834,1,24,201113,1,20,2
0.804526209956113,1,24,201113,1,116,2
-0.0830307305357753,1,24,201113,1,144,2
0.0827690337044466,1,24,201113,1,401,2
0.191464515206116,1,24,201113,1,483,2
0.101278282137626,1,24,201113,1,574,2
-0.368296155213524,1,24,201113,1,593,2
0.594636026866104,1,24,201113,1,623,2
0.271350395812669,1,24,201113,1,719,2
0.174503343025883,1,24,201113,1,723,2
-0.230641094453255,1,24,201113,1,750,2
0.0984021807763989,1,24,201113,1,785,2
0.500184065611391,1,24,201113,1,798,2
0.442686995555588,1,24,201113,1,827,2
-0.231313494893919,1,24,201113,1,864,2
0.227195817346451,1,24,201113,1,866,2
0.824629749365333,1,24,201113,1,882,2
0.366391520753134,1,24,201113,1,909,2
0.269395946126121,1,24,201113,1,911,2
-0.0486125073620445,1,24,201113,1,915,2
-0.0489373349865665,1,24,201113,1,919,2
0.276962037692919,1,24,201113,1,920,2
0.752374151319376,1,24,201113,1,922,2
0.463204084523599,1,24,201113,1,924,2
0.413488183503401,1,24,201114,2,13,2
-0.112954441011169,1,24,201114,2,22,2
0.480518529285542,1,24,201114,2,23,2
0.376108354817547,1,24,201114,2,28,2
0.0418979169623299,1,24,201114,2,32,2
0.500862601379266,1,24,201114,2,48,2
0.231482872750149,1,24,201114,2,94,2
-0.043140278918555,1,24,201114,2,96,2
0.34424874294457,1,24,201114,2,145,2
0.832784293660297,1,24,201114,2,162,2
0.097830606922177,1,24,201114,2,168,2
0.388808662833607,1,24,201114,2,180,2
0.523785558549999,1,24,201114,2,188,2
0.52267021542168,1,24,201114,2,195,2
0.906580507706084,1,24,201114,2,198,2
0.767624691910206,1,24,201114,2,210,2
0.0279799370641578,1,24,201114,2,217,2
0.871317560428373,1,24,201114,2,233,2
-0.129254846154609,1,24,201114,2,244,2
0.421601762031876,1,24,201114,2,249,2
0.31364611722681,1,24,201114,2,253,2
0.586888484363514,1,24,201114,2,263,2
-0.381892266108236,1,24,201115,3,216,2
-0.0574153023588265,1,24,201115,3,296,2
-0.146045826408153,1,24,201115,3,396,2
0.119955461842847,1,24,201115,3,415,2
0.11679291418843,1,24,201115,3,429,2
0.0944678818692932,1,24,201115,3,463,2
-4.94581871983701e-05,1,24,201115,3,531,2
0.163900998212033,1,24,201115,3,611,2
0.178231474334129,1,24,201115,3,622,2
0.1733033288664,1,24,201115,3,678,2
0.198157563194954,1,24,201115,3,682,2
0.850330773616121,1,24,201115,3,715,2
0.174358863765483,1,24,201115,3,719,2
0.810556715934262,1,24,201115,3,738,2
0.235571508101542,1,24,201115,3,868,2
0.227148337614995,1,24,201115,3,883,2
0.833677872864575,1,24,201115,3,887,2
-0.148708221761416,1,24,201115,3,895,2
0.112999681872631,1,24,201115,3,901,2
0.171505962026018,1,24,201115,3,915,2
-0.622851024268743,1,24,201115,3,980,2
0.799713424581581,1,24,201115,3,1003,2
0.701844032911151,1,24,201115,3,1006,2
0.872565348705218,1,24,201115,3,1007,2
-0.557868099332656,1,24,201115,3,1009,2
0.870161150116136,1,24,201115,3,1015,2
0.370467969029344,1,24,201117,1,12,2
-0.050513016755336,1,24,201117,1,18,2
-0.0114976959434129,1,24,201117,1,22,2
0.496485005014308,1,24,201117,1,32,2
0.484894031697586,1,24,201117,1,41,2
0.147826753670815,1,24,201117,1,59,2
0.182384984310943,1,24,201117,1,67,2
0.157911992818088,1,24,201117,1,207,2
-0.266934078378653,1,24,201117,1,236,2
0.158626038137136,1,24,201117,1,249,2
0.261542726064494,1,24,201117,1,261,2
-0.0776552023766481,1,24,201117,1,263,2
-0.331070648248588,1,24,201117,1,269,2
0.12124019710529,1,24,201117,1,288,2
0.281824388799921,1,24,201117,1,294,2
0.642488195869664,1,24,201117,1,296,2
-0.374494335446008,1,24,201117,1,323,2
0.10422080581007,1,24,201117,1,335,2
-0.595858965157171,1,24,201117,1,388,2
-0.0970374631415383,1,24,201117,1,402,2
0.197282757289922,1,24,201117,1,405,2
0.23632460746387,1,24,201117,1,413,2
0.391070147124502,1,24,201117,1,415,2
0.0961444607086451,1,24,201117,1,440,2
0.359529824497201,1,24,201117,1,474,2
0.306265988299969,1,24,201117,1,490,2
0.274997911061145,1,24,201117,1,522,2
0.0741637312705134,1,24,201117,1,604,2
0.0685724337728717,1,24,201117,1,606,2
-0.275811229767125,1,24,201117,1,620,2
0.453048430595544,1,24,201117,1,634,2
0.684775762118446,1,24,201117,1,650,2
0.443681024279053,1,24,201117,1,674,2
0.102338474185088,1,24,201117,1,679,2
-0.294783346954389,1,24,201117,1,682,2
0.270895191514345,1,24,201117,1,684,2
0.249733846426972,1,24,201117,1,692,2
0.184841153270974,1,24,201117,1,698,2
0.956068511080701,1,24,201117,1,725,2
0.621532555964961,1,24,201117,1,728,2
0.343606989439884,1,24,201117,1,731,2
0.398186525945072,1,24,201117,1,732,2
0.552455639858898,1,24,201117,1,739,2
0.534811590741707,1,24,201117,1,749,2
0.177547897626225,1,24,201118,2,51,2
0.232760759859946,1,24,201118,2,139,2
0.0966198805220924,1,24,201118,2,173,2
0.210306123664582,1,24,201118,2,189,2
-0.234457976567532,1,24,201118,2,209,2
-0.162501487342584,1,24,201118,2,249,2
-0.516626095184642,1,24,201118,2,262,2
0.595551261388519,1,24,201118,2,275,2
0.408179697044377,1,24,201118,2,307,2
0.884741689721531,1,24,201118,2,329,2
-0.0333211854091585,1,24,201118,2,365,2
0.294787060168744,1,24,201118,2,367,2
0.103895491199757,1,24,201118,2,379,2
0.0080714876745141,1,24,201118,2,383,2
0.145681167030945,1,24,201118,2,405,2
0.196176217753121,1,24,201118,2,415,2
0.522591816970675,1,24,201118,2,439,2
-0.185585829820129,1,24,201118,2,518,2
0.191481882456472,1,24,201118,2,522,2
0.38960425322888,1,24,201118,2,523,2
-0.0591787412130641,1,24,201118,2,529,2
0.258940127361664,1,24,201118,2,551,2
0.0509906651263267,1,24,201118,2,587,2
0.0869511055215733,1,24,201118,2,597,2
-0.0752829030260754,1,24,201118,2,601,2
0.794545740621594,1,24,201119,3,36,2
0.133206096887255,1,24,201119,3,223,2
0.00193593887843056,1,24,201119,3,251,2
0.699641002124999,1,24,201119,3,311,2
0.142729800570025,1,24,201119,3,325,2
0.172894702363207,1,24,201119,3,351,2
0.99216320571954,1,24,201119,3,382,2
0.785086076567902,1,24,201119,3,396,2
0.987759117132902,1,24,201119,3,407,2
0.436229098054183,1,24,201119,3,431,2
0.00382257184063683,1,24,201119,3,463,2
0.138348424275501,1,24,201119,3,489,2
0.0754157020724922,1,24,201119,3,496,2
0.595590179755838,1,24,201119,3,506,2
0.873101288984192,1,24,201119,3,576,2
0.412991596319087,1,24,201119,3,578,2
-0.179803838257428,1,24,201119,3,593,2
0.0869125001430761,1,24,201119,3,600,2
-0.127961917851454,1,24,201119,3,606,2
0.26520987801581,1,24,201119,3,608,2
0.599792513951805,1,24,201119,3,631,2
0.655456877376765,1,24,201119,3,639,2
0.936475651707807,1,24,201119,3,640,2
0.65274398206672,1,24,201119,3,641,2
0.453436858276415,1,45,211007,1,5,2
0.568976030364927,1,45,211007,1,11,2
0.46295103671512,1,45,211007,1,19,2
0.207829157472836,1,45,211007,1,40,2
0.255742092107539,1,45,211007,1,41,2
0.113336171730514,1,45,211007,1,48,2
0.0377067381341233,1,45,211007,1,53,2
-0.604844343820448,1,45,211007,1,59,2
0.674235996981641,1,45,211007,1,71,2
0.388104438699533,1,45,211007,1,81,2
0.730619553140765,1,45,211007,1,82,2
0.429897829520721,1,45,211007,1,99,2
-0.0531215129329137,1,45,211007,1,103,2
0.593437980297461,1,45,211007,1,134,2
0.358928484309905,1,45,211007,1,136,2
-0.181303728935758,1,45,211007,1,140,2
-0.0730056555040167,1,45,211007,1,153,2
-0.541069035024048,1,45,211007,1,166,2
-0.0820621909174336,1,45,211007,1,180,2
0.697430459736131,1,45,211007,1,187,2
-0.336265108911041,1,45,211007,1,195,2
-0.191584904472664,1,45,211007,1,217,2
0.0105321957941891,1,45,211007,1,220,2
-0.116477354149193,1,45,211007,1,222,2
-0.371283985512236,1,45,211007,1,228,2
0.0564211633521705,1,45,211007,1,231,2
-0.260555067454475,1,45,211007,1,237,2
0.332380483064999,1,45,211007,1,241,2
0.0799869145982153,1,45,211007,1,243,2
0.176911873225894,1,45,211007,1,247,2
0.212050793565774,1,45,211007,1,248,2
0.164082958729428,1,45,211007,1,250,2
-0.0265012412130604,1,45,211007,1,251,2
0.344500182723628,1,45,211007,1,252,2
0.121815399398693,1,45,211008,2,26,2
0.612555557777841,1,45,211008,2,33,2
0.56638302548303,1,45,211008,2,37,2
0.650261177264983,1,45,211008,2,47,2
-0.196957811023131,1,45,211008,2,50,2
0.0463405087488754,1,45,211008,2,86,2
-0.020566217366732,1,45,211008,2,92,2
0.173913665354462,1,45,211008,2,97,2
0.275236875739129,1,45,211008,2,102,2
0.807709006152271,1,45,211008,2,108,2
-0.364070583036713,1,45,211008,2,126,2
0.0859972597827645,1,45,211008,2,128,2
0.154939199630804,1,45,211008,2,132,2
0.141263216653795,1,45,211008,2,140,2
0.10800990548217,1,45,211008,2,144,2
0.00452265309233529,1,45,211008,2,150,2
0.0647507256796881,1,45,211008,2,156,2
0.0287609566856937,1,45,211008,2,172,2
0.145103645394051,1,45,211008,2,178,2
-0.0392806833163565,1,45,211008,2,180,2
0.175032506897916,1,45,211008,2,211,2
0.231831208927139,1,45,211008,2,213,2
0.0564943027760761,1,45,211008,2,218,2
0.185473947926112,1,45,211008,2,219,2
0.313130836853311,1,45,211008,2,224,2
0.373481754856747,1,45,211008,2,225,2
0.168954263719125,1,45,211008,2,231,2
0.830718243983369,1,45,211010,3,63,2
0.0743462027830349,1,45,211010,3,64,2
0.681226601694741,1,45,211010,3,108,2
0.618729903262894,1,45,211010,3,166,2
0.892314751871764,1,45,211010,3,178,2
0.908284232305542,1,45,211010,3,183,2
0.333219816069457,1,45,211010,3,190,2
-0.335378255283908,1,45,211010,3,192,2
-0.129961692219501,1,45,211010,3,198,2
0.59264988284718,1,45,211010,3,204,2
-0.114189777269528,1,45,211010,3,211,2
0.628710822386803,1,45,211010,3,213,2
-0.337454568710148,1,45,211010,3,217,2
0.731871480649561,1,45,211010,3,225,2
0.423367045226373,1,45,211010,3,231,2
0.0471640052768525,1,45,211010,3,239,2
0.0263588806268642,1,45,211010,3,245,2
0.263216112525351,1,45,211010,3,251,2
0.160297478859274,1,45,211010,3,253,2
0.93330808308832,1,45,211010,3,264,2
0.31808948278495,1,45,211010,3,268,2
0.921389046957912,1,45,211010,3,278,2
-0.423531626402018,1,45,211010,3,308,2
0.479090423982494,1,45,211010,3,310,2
-0.39972069101916,1,45,211010,3,315,2
0.544604868027835,1,45,211010,3,325,2
0.0557175658802493,1,45,211010,3,337,2
0.823650274192901,1,45,211010,3,340,2
0.192165153665809,1,45,211010,3,344,2
0.179181887110838,1,45,211010,3,345,2
-0.126012528901886,1,45,211010,3,349,2
-0.11064807420706,1,45,211010,3,351,2
0.489943100112997,1,45,211012,1,28,2
0.684670728730976,1,45,211012,1,71,2
0.64249227528666,1,45,211012,1,73,2
0.412693674495126,1,45,211012,1,97,2
0.328782134152022,1,45,211012,1,109,2
0.269235803733812,1,45,211012,1,117,2
-0.403420457203273,1,45,211012,1,119,2
0.268717737121552,1,45,211012,1,133,2
0.201873694319637,1,45,211012,1,143,2
0.111905999555169,1,45,211012,1,147,2
0.756253960566788,1,45,211012,1,171,2
-0.0433276088313796,1,45,211012,1,173,2
0.171442871382311,1,45,211012,1,177,2
0.355873323490803,1,45,211012,1,182,2
0.155542334785511,1,45,211012,1,186,2
0.229461512827146,1,45,211012,1,189,2
0.859433316973673,1,45,211012,1,193,2
-0.595440006929039,1,45,211012,1,202,2
0.337047341424436,1,45,211013,2,63,2
-0.246198721989177,1,45,211013,2,73,2
0.521690887898337,1,45,211013,2,81,2
0.219931325891887,1,45,211013,2,87,2
0.886826878816308,1,45,211013,2,105,2
0.00885846267322266,1,45,211013,2,141,2
0.504963886875895,1,45,211013,2,143,2
0.0811703619961676,1,45,211013,2,176,2
0.517864004252134,1,45,211013,2,186,2
-0.303272011264545,1,45,211013,2,187,2
-0.359108751335167,1,45,211013,2,190,2
-0.608178350123346,1,45,211013,2,192,2
0.420252953311782,1,45,211013,2,204,2
-0.0223455553887311,1,45,211013,2,208,2
0.670239450213199,1,45,211013,2,214,2
0.299206259367109,1,45,211013,2,224,2
0.930182102619378,1,45,211013,2,228,2
-0.101779906493262,1,45,211013,2,238,2
-0.062213683676453,1,45,211013,2,247,2
0.609317293441821,1,45,211013,2,263,2
-0.0344312654789344,1,45,211013,2,266,2
0.551049453665643,1,45,211014,3,6,2
-0.140406584885486,1,45,211014,3,86,2
-0.0669038506280073,1,45,211014,3,124,2
-0.0479077286360742,1,45,211014,3,127,2
-0.26639076951775,1,45,211014,3,131,2
0.765414488184089,1,45,211014,3,145,2
0.73741155332672,1,45,211014,3,168,2
0.69443153495227,1,45,211014,3,176,2
-0.0299314265075141,1,45,211014,3,181,2
0.471740827495179,1,45,211014,3,184,2
0.236678019418112,1,45,211014,3,190,2
-0.0380887721565183,1,45,211014,3,192,2
0.886700076855066,1,45,211014,3,197,2
-0.0345099269045483,1,45,211014,3,205,2
-0.42936169106858,1,45,211014,3,208,2
0.98917974880391,1,45,211014,3,214,2
0.00681588642976366,1,45,211014,3,217,2
0.679141668238117,1,45,211014,3,221,2
0.071781395463981,1,45,211014,3,228,2
0.101778097512004,1,45,211014,3,229,2
0.72750687833933,1,45,211014,3,230,2
0.35055991576494,1,45,211014,3,235,2
0.112661948198138,1,45,211014,3,236,2
0.73186145974215,1,45,211014,3,237,2
0.109877246158331,1,45,211014,3,238,2
0.286070398868245,1,45,211014,3,239,2
0.183276584426241,1,45,211014,3,245,2
0.535399590906629,1,46,211017,1,5,2
0.0897075302827052,1,46,211017,1,7,2
0.122305307624759,1,46,211017,1,12,2
-0.276288817649054,1,46,211017,1,15,2
0.890867216331965,1,46,211017,1,20,2
0.381206819564765,1,46,211017,1,25,2
0.168244350192515,1,46,211017,1,36,2
0.338254455589326,1,46,211017,1,45,2
0.246101701153364,1,46,211017,1,50,2
0.489726096130701,1,46,211017,1,66,2
0.228449803013897,1,46,211017,1,80,2
-0.495096833176894,1,46,211017,1,82,2
0.0244730635149438,1,46,211017,1,84,2
-0.0166451371106101,1,46,211017,1,85,2
0.182901011864915,1,46,211017,1,96,2
0.503404215728327,1,46,211017,1,126,2
-0.0325643214706528,1,46,211017,1,132,2
0.435359907266645,1,46,211017,1,134,2
0.910243295101744,1,46,211017,1,136,2
-0.435872369109191,1,46,211017,1,140,2
-0.0332847937627477,1,46,211017,1,148,2
0.821049061103273,1,46,211017,1,150,2
0.557466207488442,1,46,211017,1,168,2
-0.409235732355546,1,46,211017,1,174,2
0.526529225751088,1,46,211017,1,176,2
0.225345419925736,1,46,211017,1,178,2
-0.0478508640423061,1,46,211017,1,182,2
0.367113199642372,1,46,211017,1,188,2
-0.0135415899963147,1,46,211017,1,194,2
0.201132219538854,1,46,211017,1,196,2
-0.109152687577904,1,46,211017,1,205,2
-0.125110912879593,1,46,211017,1,207,2
-0.0388341602908113,1,46,211017,1,219,2
0.123898347919047,1,46,211017,1,236,2
0.557339843845938,1,46,211017,1,237,2
0.0528280147128521,1,46,211017,1,238,2
-0.522299472555926,1,46,211017,1,266,2
0.322658669632417,1,46,211017,1,277,2
0.405243122374485,1,46,211017,1,289,2
-0.0330375281059945,1,46,211017,1,291,2
-0.180506856298229,1,46,211017,1,293,2
0.0266996160464431,1,46,211017,1,296,2
0.828993182640262,1,46,211017,1,298,2
0.78254148227404,1,46,211017,1,305,2
-0.19678943130471,1,46,211017,1,307,2
-0.205299447520455,1,46,211017,1,310,2
0.751307407416628,1,46,211017,1,311,2
0.905395863007801,1,46,211017,1,315,2
-0.614452760457159,1,46,211017,1,319,2
-0.0122517895994805,1,46,211018,2,11,2
-0.171007802446994,1,46,211018,2,14,2
0.0368737374137535,1,46,211018,2,20,2
-0.314636243160679,1,46,211018,2,39,2
-0.178039870419864,1,46,211018,2,44,2
0.742320511390567,1,46,211018,2,48,2
0.279358554351117,1,46,211018,2,55,2
0.295791200216597,1,46,211018,2,63,2
-0.157521655677924,1,46,211018,2,71,2
0.206429901258009,1,46,211018,2,73,2
0.772515085981675,1,46,211018,2,81,2
0.352823438296368,1,46,211018,2,105,2
0.612776764579364,1,46,211018,2,109,2
0.80427335080485,1,46,211018,2,121,2
0.414435611427971,1,46,211018,2,132,2
-0.12191664317201,1,46,211018,2,142,2
0.612683770021581,1,46,211018,2,144,2
0.372781377998631,1,46,211018,2,146,2
0.279875817992022,1,46,211018,2,150,2
-0.136444891785712,1,46,211018,2,156,2
0.110316042056669,1,46,211018,2,160,2
0.278369490703792,1,46,211018,2,164,2
0.368921568914631,1,46,211018,2,172,2
-0.229197621490894,1,46,211018,2,178,2
0.488795415728713,1,46,211018,2,182,2
-0.510934925420826,1,46,211018,2,184,2
-0.0190820387607732,1,46,211018,2,186,2
-0.167588290439116,1,46,211018,2,200,2
-0.464968584061814,1,46,211018,2,206,2
0.123873688229641,1,46,211018,2,214,2
0.91110212713607,1,46,211018,2,228,2
0.256741912737506,1,46,211018,2,244,2
0.453621714174234,1,46,211018,2,258,2
0.657676772244359,1,46,211018,2,259,2
-0.0413550970849824,1,46,211018,2,274,2
-0.565136250902557,1,46,211018,2,275,2
-0.0196882948661392,1,46,211018,2,278,2
-0.165196907396745,1,46,211018,2,279,2
0.126743858975551,1,46,211018,2,280,2
-0.262931347252786,1,46,211018,2,282,2
0.0909780930530725,1,46,211018,2,286,2
0.63616099915167,1,46,211018,2,287,2
-0.165635323622152,1,46,211018,2,291,2
-0.121699644180195,1,46,211019,3,99,2
-0.0173237402356095,1,46,211019,3,192,2
0.351294997480777,1,46,211019,3,202,2
0.264466873054295,1,46,211019,3,216,2
-0.0164531760510907,1,46,211019,3,249,2
-0.0114460440397879,1,46,211019,3,259,2
-0.581505084865398,1,46,211019,3,261,2
-0.0376704447916706,1,46,211019,3,295,2
-0.453822851084246,1,46,211019,3,311,2
0.486368333790043,1,46,211019,3,315,2
-0.512942768337837,1,46,211019,3,319,2
0.0899651795767384,1,46,211019,3,332,2
-0.47440993908985,1,46,211019,3,342,2
0.386835947737394,1,46,211019,3,348,2
0.781315825300474,1,46,211019,3,374,2
-0.306707711756043,1,46,211019,3,388,2
0.372356421712665,1,46,211019,3,406,2
-0.125603195285596,1,46,211019,3,409,2
-0.132046466613955,1,46,211019,3,419,2
-0.806199583106228,1,46,211019,3,427,2
0.674113196610869,1,46,211019,3,441,2
-0.040978225400839,1,46,211019,3,456,2
-0.232023998992072,1,46,211019,3,476,2
0.896739676419312,1,46,211019,3,503,2
0.726722622889098,1,46,211019,3,526,2
0.103885391787523,1,46,211019,3,528,2
-0.520945407507387,1,46,211019,3,554,2
-0.607433404517304,1,46,211020,1,0,2
0.620243702361071,1,46,211020,1,4,2
-0.197383032276359,1,46,211020,1,37,2
0.221337497609823,1,46,211020,1,51,2
0.184867779887709,1,46,211020,1,62,2
0.268661952713947,1,46,211020,1,83,2
-0.108937581365618,1,46,211020,1,104,2
-0.52555693880821,1,46,211020,1,108,2
0.323012934214981,1,46,211020,1,110,2
0.018340326775413,1,46,211020,1,112,2
-0.694793333858944,1,46,211020,1,114,2
0.417162731515253,1,46,211020,1,119,2
0.107604554969267,1,46,211020,1,125,2
0.0357846566309794,1,46,211020,1,135,2
0.378335333477507,1,46,211020,1,139,2
0.225099680033092,1,46,211020,1,141,2
-0.532837146076567,1,46,211020,1,153,2
-0.0966261980197937,1,46,211020,1,157,2
0.267656887606155,1,46,211020,1,158,2
-0.48504211773333,1,46,211020,1,159,2
0.901596932232816,1,46,211020,1,160,2
-0.383663786871582,1,46,211021,2,2,2
-0.306374624984612,1,46,211021,2,11,2
-0.325044818211618,1,46,211021,2,14,2
0.886878755707133,1,46,211021,2,20,2
0.210998817181527,1,46,211021,2,22,2
0.0767113181090988,1,46,211021,2,27,2
-0.00140018574337675,1,46,211021,2,29,2
0.573936157362953,1,46,211021,2,30,2
0.295429325908202,1,46,211021,2,32,2
0.146550598479474,1,46,211021,2,39,2
0.339591594182026,1,46,211021,2,64,2
-0.230516776945625,1,46,211021,2,68,2
-0.373663222070167,1,46,211021,2,71,2
-0.386814597003591,1,46,211021,2,73,2
0.291925504394261,1,46,211021,2,77,2
-0.300628676829786,1,46,211021,2,97,2
-0.0718799766385551,1,46,211021,2,99,2
0.0721888837561806,1,46,211021,2,109,2
0.142571084852685,1,46,211021,2,113,2
-0.0176587408561109,1,46,211021,2,133,2
-0.470529384415929,1,46,211021,2,142,2
-0.37468799045986,1,46,211021,2,149,2
-0.660721071139595,1,46,211021,2,151,2
0.853263751006897,1,46,211021,2,160,2
0.52038262986277,1,46,211021,2,166,2
0.2870618345879,1,46,211021,2,168,2
0.0411094374432727,1,46,211022,3,7,2
-0.353900691579384,1,46,211022,3,40,2
0.834924799706744,1,46,211022,3,54,2
0.169085121349163,1,46,211022,3,56,2
0.83200531595015,1,46,211022,3,63,2
0.484747628603255,1,46,211022,3,74,2
-0.212879268240132,1,46,211022,3,82,2
-0.585330261876036,1,46,211022,3,85,2
0.220866059805063,1,46,211022,3,97,2
0.158145801641231,1,46,211022,3,108,2
-0.136863017605915,1,46,211022,3,114,2
0.00259080128836209,1,46,211022,3,118,2
-0.60435744489144,1,46,211022,3,120,2
-0.230265790991414,1,46,211022,3,124,2
0.884463906353147,1,46,211022,3,149,2
0.650172196089878,1,46,211022,3,152,2
-0.149141473255481,1,46,211022,3,358,2
0.321712696752948,1,46,211022,3,382,2
0.148762647744568,1,46,211022,3,415,2
0.263250518774898,1,46,211022,3,459,2
0.152095576719663,1,46,211022,3,547,2
-0.279875047250036,1,46,211022,3,557,2
0.448402111320207,1,46,211022,3,579,2
0.936882446061153,1,46,211022,3,646,2
0.510240700568427,1,46,211022,3,675,2
0.25330286960143,1,46,211022,3,677,2
0.000794122525162366,1,46,211022,3,693,2
0.0331688292018873,1,46,211022,3,695,2
0.0263208602589223,1,46,211022,3,705,2
0.302471676399202,1,46,211022,3,708,2
-0.320825213384307,1,46,211022,3,724,2
0.104219931687563,1,46,211022,3,733,2
0.830507532111584,1,46,211022,3,735,2
-0.249981014806387,1,46,211022,3,749,2
0.154477958105007,1,46,211022,3,754,2
0.0228366516870114,1,46,211022,3,760,2
-0.184478119823682,1,46,211022,3,778,2
-0.0262865900214448,1,46,211022,3,786,2
-0.254571414181992,1,46,211022,3,883,2
0.0548128609191635,1,46,211022,3,891,2
-0.207466512799497,1,46,211022,3,902,2
0.055741051951069,1,46,211022,3,910,2
0.325255588512157,1,46,211022,3,953,2
-0.0679950868191109,1,46,211022,3,1003,2
-0.153063828691249,1,46,211022,3,1007,2
-0.0687936970016299,1,46,211022,3,1014,2
-0.108969031636424,1,46,211022,3,1018,2
-0.127169041512011,1,46,211022,3,1058,2
-0.103985716468506,1,46,211022,3,1087,2
-0.100897860334798,1,46,211022,3,1089,2
0.134200263610289,1,46,211022,3,1092,2
0.24337480217994,1,46,211022,3,1095,2
0.399674820178023,1,46,211022,3,1109,2
0.107346603447236,1,46,211022,3,1128,2
0.920573249526482,1,46,211022,3,1137,2
0.0364351668111357,1,46,211022,3,1150,2
-0.453487365698411,1,46,211022,3,1153,2
0.224037843222894,1,46,211022,3,1166,2
0.0606390572374969,1,46,211022,3,1176,2
0.205179955817973,1,46,211022,3,1177,2
0.32922100670233,1,46,211022,3,1179,2
0.531055097779899,1,46,211022,3,1182,2
0.630370547707374,1,46,211022,3,1183,2
-0.083149903036646,1,46,211022,3,1184,2
-0.0659114834197872,1,46,211022,3,1186,2
0.0333240195306298,1,46,211022,3,1187,2
0.142045735237919,1,46,211022,3,1188,2
-0.163160029487349,1,46,211022,3,1189,2
0.341133304239097,1,46,211022,3,1190,2
-0.123930757245841,1,46,211022,3,1191,2
0.552983375207282,1,47,211017,1,31,2
0.496278122628734,1,47,211017,1,103,2
0.854878737255933,1,47,211017,1,136,2
0.751765562329785,1,47,211017,1,140,2
0.712896413616489,1,47,211017,1,154,2
0.771513611582189,1,47,211017,1,170,2
0.0264926927341075,1,47,211017,1,172,2
0.131051015380948,1,47,211017,1,188,2
0.522386299274231,1,47,211017,1,194,2
0.266056931842368,1,47,211017,1,198,2
0.908050277448748,1,47,211017,1,204,2
0.941661909020223,1,47,211017,1,206,2
0.931307494090394,1,47,211017,1,215,2
0.22898386474864,1,47,211017,1,217,2
-0.278026791946576,1,47,211017,1,221,2
0.297084094556246,1,47,211017,1,223,2
0.212642016985982,1,47,211017,1,231,2
0.287629946510864,1,47,211017,1,241,2
0.231490405033087,1,47,211017,1,243,2
0.308458985852148,1,47,211017,1,247,2
0.384139225729863,1,47,211017,1,251,2
0.22821298258163,1,47,211017,1,265,2
0.914816696652216,1,47,211017,1,267,2
0.716833105123643,1,47,211017,1,283,2
-0.198279222966512,1,47,211017,1,289,2
-0.160445372966313,1,47,211017,1,296,2
-0.373394827273965,1,47,211017,1,306,2
-0.0564272133317826,1,47,211017,1,311,2
0.109366686768218,1,47,211017,1,317,2
0.849343870176296,1,47,211017,1,349,2
0.386919524577998,1,47,211018,2,15,2
-0.432811842002265,1,47,211018,2,46,2
-0.34345953317681,1,47,211018,2,67,2
0.985600898216309,1,47,211018,2,68,2
0.0741001048800464,1,47,211018,2,71,2
-0.43457255490838,1,47,211018,2,77,2
0.24694489408047,1,47,211018,2,122,2
0.491307126348437,1,47,211018,2,132,2
-0.00918793819957914,1,47,211018,2,136,2
0.156530006892341,1,47,211018,2,138,2
0.120414501713986,1,47,211018,2,144,2
0.856113807338828,1,47,211018,2,150,2
0.330461293210765,1,47,211018,2,154,2
0.253564084906574,1,47,211018,2,156,2
0.836347813773126,1,47,211018,2,162,2
0.144079499108347,1,47,211018,2,166,2
-0.0639057845444821,1,47,211018,2,171,2
0.367263841268392,1,47,211018,2,175,2
0.291007863820854,1,47,211018,2,178,2
0.248953361168882,1,47,211018,2,186,2
0.221826887451438,1,47,211018,2,190,2
0.286175144710956,1,47,211018,2,194,2
0.631964038938078,1,47,211018,2,204,2
0.247793175069119,1,47,211018,2,208,2
0.361553317345329,1,47,211018,2,216,2
0.173191320158888,1,47,211018,2,219,2
-0.364124829314728,1,47,211018,2,228,2
0.165142297048676,1,47,211018,2,229,2
-0.286866384567938,1,47,211018,2,231,2
0.35121546286722,1,47,211018,2,232,2
0.572586480592141,1,47,211018,2,244,2
0.36970673188176,1,47,211018,2,245,2
0.373915035588523,1,47,211018,2,246,2
0.793456092611895,1,47,211019,3,31,2
-0.278374261438353,1,47,211019,3,40,2
-0.280420561734075,1,47,211019,3,90,2
0.558806603032917,1,47,211019,3,113,2
-0.494753747116241,1,47,211019,3,119,2
0.845615872284071,1,47,211019,3,175,2
0.394242297695006,1,47,211019,3,185,2
-0.120224589809557,1,47,211019,3,210,2
0.0385549825393414,1,47,211019,3,222,2
0.378897842819758,1,47,211019,3,228,2
0.141217599702422,1,47,211019,3,232,2
0.456555472081635,1,47,211019,3,242,2
0.0712152221334655,1,47,211019,3,251,2
-0.133346212905087,1,47,211019,3,261,2
0.12787075615344,1,47,211019,3,274,2
0.873261216224846,1,47,211019,3,276,2
0.183094195119524,1,47,211019,3,283,2
0.657837451216245,1,47,211019,3,287,2
0.0865718643687234,1,47,211019,3,290,2
-0.516477139646072,1,47,211020,1,22,2
0.647624306184599,1,47,211020,1,38,2
0.71406096839653,1,47,211020,1,46,2
0.195148291725204,1,47,211020,1,50,2
-0.0942964396701833,1,47,211020,1,61,2
0.175212057383632,1,47,211020,1,89,2
0.146723322273152,1,47,211020,1,147,2
0.147805207057965,1,47,211020,1,151,2
0.353889102403433,1,47,211020,1,169,2
-0.31981862539576,1,47,211020,1,175,2
-0.283917780324373,1,47,211020,1,177,2
0.407545139415711,1,47,211020,1,234,2
-0.448141174849457,1,47,211020,1,236,2
0.799131018018666,1,47,211020,1,242,2
-0.24694087885738,1,47,211020,1,246,2
0.387246702111428,1,47,211020,1,261,2
0.549388828838692,1,47,211020,1,270,2
0.755034658721872,1,47,211020,1,275,2
0.237575443566545,1,47,211020,1,276,2
-0.394784571220913,1,47,211020,1,277,2
0.430238487401932,1,47,211020,1,281,2
0.0632718299928616,1,47,211020,1,284,2
0.348825958977571,1,47,211020,1,286,2
0.297442949363667,1,47,211020,1,287,2
-0.13198192631243,1,47,211020,1,288,2
0.445490156257608,1,47,211021,2,8,2
0.0681832830929138,1,47,211021,2,13,2
0.294579752212455,1,47,211021,2,19,2
0.78540451882612,1,47,211021,2,24,2
0.729945868373851,1,47,211021,2,58,2
-0.0344745945127191,1,47,211021,2,65,2
0.857641225560487,1,47,211021,2,74,2
0.825172577265592,1,47,211021,2,80,2
0.738464819675869,1,47,211021,2,81,2
-0.120290463463256,1,47,211021,2,87,2
0.744780666263994,1,47,211021,2,134,2
0.408944414946982,1,47,211021,2,138,2
0.425147609806424,1,47,211021,2,148,2
0.0518315092185134,1,47,211021,2,154,2
0.690238609347756,1,47,211021,2,172,2
0.663795375273461,1,47,211021,2,176,2
0.0412732629563232,1,47,211021,2,184,2
0.785124967128803,1,47,211021,2,192,2
-0.122779029345438,1,47,211021,2,200,2
0.253399510391394,1,47,211021,2,202,2
-0.160801972210024,1,47,211021,2,204,2
0.136430617619856,1,47,211021,2,232,2
0.665738592695009,1,47,211021,2,234,2
0.435378412062795,1,47,211021,2,252,2
0.290796436500714,1,47,211021,2,258,2
0.183326061133859,1,47,211021,2,270,2
0.454069179525079,1,47,211021,2,273,2
-0.359755639291847,1,47,211021,2,277,2
0.473745872605335,1,47,211021,2,286,2
0.293827814161364,1,47,211021,2,295,2
0.27935986176717,1,47,211021,2,297,2
0.726909838783797,1,47,211021,2,303,2
-0.162126900407087,1,47,211021,2,305,2
0.911825071858148,1,47,211021,2,308,2
0.55338513858924,1,47,211021,2,322,2
0.130859075930109,1,47,211021,2,325,2
-0.110930899776851,1,47,211021,2,332,2
0.762557048116463,1,47,211022,3,10,2
0.601184114754881,1,47,211022,3,22,2
-0.206895479472309,1,47,211022,3,57,2
0.116882781297996,1,47,211022,3,58,2
-0.143927646367033,1,47,211022,3,62,2
0.461096135893282,1,47,211022,3,63,2
-0.19491103004561,1,47,211022,3,68,2
-0.207971238955031,1,47,211022,3,85,2
-0.222970936279972,1,47,211022,3,89,2
-0.429925492344978,1,47,211022,3,91,2
-0.0478551936232963,1,47,211022,3,94,2
0.575737406736943,1,47,211022,3,95,2
0.366471473087883,1,47,211022,3,115,2
-0.433072435719259,1,47,211022,3,129,2
0.285001841510077,1,47,211022,3,133,2
0.321852482300868,1,47,211022,3,139,2
0.204120114445517,1,47,211022,3,145,2
-0.043854355011227,1,47,211022,3,154,2
-0.683530002316715,1,47,211022,3,166,2
-0.0413662433927185,1,47,211022,3,176,2
-0.249851111991463,1,47,211022,3,184,2
0.186440659843441,1,47,211022,3,188,2
-0.146078915514605,1,47,211022,3,192,2
0.386234886934989,1,47,211022,3,196,2
0.0241116824187396,1,47,211022,3,200,2
-0.362971980928118,1,47,211022,3,206,2
0.339218640084266,1,47,211022,3,216,2
0.256504419194288,1,47,211022,3,227,2
0.147330801207507,1,47,211022,3,231,2
-0.159295587064209,1,47,211022,3,237,2
0.0861816024190855,1,47,211022,3,251,2
-0.148846912899203,1,47,211022,3,252,2
0.763832195937997,0,11,200131,2,14,2
0.768022219181103,0,11,200131,2,29,2
0.326076633231464,0,11,200131,2,41,2
-0.341444794222462,0,11,200201,3,41,2
0.991612309212471,0,11,200201,3,63,2
-0.0291235684178079,0,11,200201,3,144,2
0.715316013351727,0,11,200201,3,150,2
0.268067706743808,0,11,200201,3,156,2
-0.00126883603131306,0,11,200201,3,197,2
0.253826752325243,0,11,200201,3,205,2
0.148659704747235,0,11,200201,3,224,2
0.702805324008328,0,11,200201,3,270,2
-0.133014398966692,0,11,200201,3,330,2
0.192654724382374,0,11,200201,3,345,2
0.324847868350952,0,11,200201,3,391,2
0.604004249804175,0,11,200201,3,423,2
0.0674872419385821,0,11,200201,3,437,2
0.0131301216189092,0,11,200201,3,453,2
0.0109975852770821,0,11,200201,3,458,2
0.87179649429711,0,11,200201,3,471,2
-0.00181319217222417,0,11,200201,3,495,2
0.0468983087397425,0,11,200201,3,505,2
-0.00868662163418299,0,11,200201,3,539,2
-0.34236950189548,0,11,200201,3,545,2
-0.288579677105196,0,11,200201,3,565,2
0.474639217867907,0,11,200201,3,568,2
0.0704635748012874,0,11,200201,3,571,2
-0.34570664258884,0,11,200201,3,572,2
0.999289960458901,0,11,200201,3,576,2
0.783360609175099,0,11,200201,3,580,2
0.0679751539444278,0,11,200201,3,582,2
0.343604450517981,0,11,200201,3,583,2
0.0858747870526096,0,11,200201,3,585,2
0.281443908272845,0,11,200201,3,587,2
-0.0176806590761801,0,11,200201,3,593,2
-0.00984715070069442,0,11,200201,3,604,2
0.0780288165826727,0,11,200203,1,30,2
0.0848979312833277,0,11,200203,1,43,2
0.0718228324217969,0,11,200203,1,53,2
0.465305804614342,0,11,200203,1,55,2
0.565903211108719,0,11,200203,1,142,2
-0.450269027086086,0,11,200203,1,152,2
0.303417522455519,0,11,200203,1,181,2
0.45530543517819,0,11,200203,1,249,2
0.0783662484170596,0,11,200203,1,288,2
0.737439221940572,0,11,200203,1,334,2
0.0539794540273725,0,11,200203,1,368,2
0.371258210414284,0,11,200203,1,419,2
0.651342718741186,0,11,200203,1,420,2
0.191735034748414,0,11,200203,1,441,2
-0.261045559329292,0,11,200203,1,450,2
-0.778014064368221,0,11,200203,1,457,2
0.394947131063929,0,11,200203,1,461,2
0.750861386376109,0,11,200203,1,465,2
-0.101014895142404,0,11,200203,1,468,2
0.0103844304316016,0,11,200204,2,3,2
-0.106621845577326,0,11,200204,2,4,2
-0.258051135504751,0,11,200204,2,28,2
0.729133398391516,0,11,200204,2,39,2
-0.166010555826074,0,11,200204,2,87,2
-0.0319193566524053,0,11,200204,2,98,2
-0.0796007363203918,0,11,200204,2,110,2
0.0294639277634677,0,11,200204,2,163,2
0.101430073221559,0,11,200204,2,195,2
-0.0396616123197713,0,11,200204,2,199,2
0.142376299658892,0,11,200204,2,205,2
0.00248038035923082,0,11,200204,2,225,2
-0.0157148551246419,0,11,200204,2,233,2
0.0478051155140782,0,11,200204,2,245,2
0.595906476256815,0,11,200204,2,250,2
-0.111376693077061,0,11,200204,2,251,2
-0.0596549613426666,0,11,200204,2,252,2
0.427309499288128,0,11,200204,2,253,2
-0.349594198893655,0,11,200204,2,262,2
0.0131478288496833,0,11,200204,2,266,2
0.37812363848229,0,11,200204,2,273,2
0.508300189885374,0,11,200204,2,279,2
-0.203578092497728,0,11,200204,2,282,2
0.349287034045001,0,11,200205,3,0,2
0.230914318973783,0,11,200205,3,1,2
0.15866391381332,0,11,200205,3,6,2
0.712714405603191,0,11,200205,3,21,2
-0.115863452579974,0,11,200205,3,64,2
0.510391398656497,0,11,200205,3,74,2
0.914932777089422,0,11,200205,3,103,2
0.574218356027386,0,11,200205,3,115,2
0.485459201846242,0,11,200205,3,116,2
0.0448938141757507,0,11,200205,3,118,2
0.514921257939139,0,11,200205,3,121,2
-0.0327313212400152,0,11,200205,3,146,2
0.158943260027137,0,11,200205,3,168,2
0.268267064508014,0,11,200205,3,178,2
0.507473997995074,0,11,200205,3,238,2
0.619283009612043,0,11,200205,3,244,2
-0.218028387437327,0,11,200205,3,275,2
0.809724016370646,0,11,200205,3,306,2
0.708623135193468,0,11,200205,3,352,2
0.180786583736469,0,11,200205,3,407,2
0.20309093479436,0,11,200205,3,419,2
0.297033369841535,0,11,200205,3,423,2
0.298283041015802,0,11,200205,3,448,2
0.586348116162343,0,11,200205,3,456,2
-0.0620021033725276,0,11,200205,3,460,2
0.782944794405202,0,11,200205,3,462,2
0.697646601829302,0,11,200205,3,496,2
0.833040256343604,0,11,200205,3,500,2
0.845152951530791,0,11,200205,3,538,2
0.647025661131239,0,11,200205,3,541,2
-0.0286042232019425,0,11,200205,3,542,2
0.16078534384296,0,11,200205,3,547,2
0.280210099124093,0,11,200205,3,548,2
0.751375448459183,0,11,200205,3,549,2
0.212453136152417,0,11,200205,3,559,2
0.662628344674198,0,11,200205,3,572,2
0.200570888539741,0,18,200814,1,217,2
0.0531916475671508,0,18,200818,1,122,2
0.223672022235346,0,18,200818,1,178,2
0.43720044970532,0,18,200818,1,233,2
-0.145318222017393,0,18,200818,1,425,2
-0.372070152149405,0,18,200818,1,429,2
0.113853479132106,0,18,200818,1,433,2
-0.442725729000309,0,18,200818,1,485,2
0.508546781383443,0,18,200818,1,497,2
0.507785302651405,0,18,200818,1,509,2
0.930313731036106,0,18,200818,1,538,2
-0.832147647205641,0,18,200818,1,568,2
-0.334726800562276,0,18,200818,1,594,2
-0.0557209881631797,0,18,200818,1,634,2
-0.00585353466282257,0,18,200818,1,650,2
0.0481655743452679,0,18,200818,1,686,2
0.50626031586381,0,18,200818,1,689,2
0.399021756715262,0,18,200818,1,695,2
0.444487764372713,0,18,200818,1,705,2
0.503939272568017,0,18,200818,1,710,2
-0.136698966924085,0,18,200818,1,713,2
0.675192558261877,0,18,200818,1,721,2
-0.126298593468653,0,18,200818,1,723,2
0.654468149584744,0,18,200818,1,725,2
-0.0389023714605602,0,18,200818,1,731,2
0.489199771348791,0,18,200819,2,2,2
0.569935621348644,0,18,200819,2,18,2
0.758242684689045,0,18,200819,2,48,2
0.0362258882432803,0,18,200819,2,59,2
0.799214252098469,0,18,200819,2,60,2
0.318375781584993,0,18,200819,2,63,2
-0.419593453152305,0,18,200819,2,127,2
-0.447723632986121,0,18,200819,2,130,2
0.15905535973178,0,18,200819,2,201,2
0.304272104364172,0,18,200819,2,233,2
-0.278826406814793,0,18,200819,2,243,2
0.321523973255105,0,18,200819,2,247,2
0.103329579817059,0,18,200819,2,252,2
0.406953081874631,0,18,200819,2,281,2
-0.260713121276568,0,18,200819,2,283,2
0.707052768266167,0,18,200819,2,289,2
-0.0318468588758693,0,18,200819,2,291,2
0.525617548038273,0,18,200819,2,295,2
-0.273421499623947,0,18,200819,2,301,2
0.374444910687127,0,18,200819,2,303,2
0.0105479452771305,0,18,200819,2,313,2
0.0117264033787677,0,18,200819,2,315,2
-0.359514261957797,0,18,200819,2,319,2
0.0391271989205211,0,18,200819,2,345,2
0.0281460998411989,0,18,200819,2,396,2
-0.0269278899562741,0,18,200819,2,408,2
-0.442961276379445,0,18,200819,2,421,2
0.00445705194857702,0,18,200819,2,436,2
0.047548626991916,0,18,200819,2,489,2
0.368027406933726,0,18,200819,2,496,2
0.20234301442734,0,18,200819,2,502,2
-0.0392943275928347,0,18,200819,2,504,2
0.0350229516819035,0,18,200819,2,526,2
0.116053108876959,0,18,200819,2,528,2
0.32823188199114,0,18,200819,2,537,2
-0.0486914923733783,0,18,200819,2,541,2
0.67827331048918,0,18,200819,2,544,2
0.0214466980263578,0,18,200819,2,558,2
0.313798792814031,0,18,200819,2,560,2
-0.431682401264061,0,18,200819,2,568,2
-0.404627429795958,0,18,200819,2,580,2
0.528212998548879,0,18,200819,2,581,2
-0.228631633037712,0,18,200819,2,586,2
-0.458236992312616,0,18,200820,3,0,2
0.465056027452522,0,18,200820,3,2,2
0.381527573010595,0,18,200820,3,6,2
0.519177628746172,0,18,200820,3,14,2
0.643801902938521,0,18,200820,3,31,2
-0.10329141653859,0,18,200820,3,56,2
0.0509487703780053,0,18,200820,3,58,2
-0.324859529987582,0,18,200820,3,59,2
0.0809350013629409,0,18,200820,3,62,2
-0.172888586639946,0,18,200820,3,64,2
0.982246312660155,0,18,200820,3,68,2
-0.479642789938525,0,18,200820,3,72,2
-0.692835196654359,0,18,200820,3,73,2
-0.621690016457667,0,18,200820,3,74,2
-0.209346358854322,0,18,200820,3,91,2
-0.0619062543526688,0,18,200820,3,95,2
0.0585403026900883,0,18,200820,3,116,2
0.525811975262354,0,18,200820,3,134,2
0.32560823704805,0,18,200820,3,142,2
-0.97575077628641,0,18,200820,3,152,2
0.206606904753927,0,18,200820,3,157,2
0.364798101344679,0,18,200820,3,165,2
0.996890976785641,0,18,200820,3,189,2
0.305855903990969,0,18,200820,3,267,2
0.370780432716976,0,18,200820,3,284,2
0.720211754693915,0,18,200820,3,288,2
0.870720764797292,0,18,200820,3,296,2
-0.239178939761168,0,18,200820,3,307,2
-0.341866050044471,0,18,200820,3,327,2
0.304583738929473,0,18,200820,3,335,2
0.36145855360466,0,18,200820,3,341,2
0.618141390357998,0,18,200820,3,347,2
0.97130210948677,0,18,200820,3,351,2
0.0476851357792435,0,18,200820,3,377,2
-0.398146458765531,0,18,200820,3,407,2
-0.0355760425191817,0,18,200820,3,419,2
-0.0728239710490531,0,18,200820,3,427,2
0.616906762325112,0,18,200820,3,433,2
-0.640852185313037,0,18,200820,3,490,2
-0.528700417470814,0,18,200820,3,492,2
-0.493151373100025,0,18,200820,3,497,2
0.312256957373249,0,18,200820,3,530,2
0.831804917260021,0,18,200820,3,531,2
0.784365951246595,0,18,200820,3,534,2
0.501546768467023,0,18,200820,3,537,2
0.494377393359945,0,18,200820,3,538,2
0.209545267394442,0,18,200820,3,539,2
0.187529831318105,0,18,200820,3,548,2
-0.115069604630399,0,18,200820,3,553,2
-0.285445408213393,0,18,200820,3,554,2
-0.0373790585035835,0,18,200820,3,557,2
-0.205072415930733,0,18,200820,3,585,2
0.394802682732528,0,21,201011,2,11,2
0.642575265026856,0,21,201011,2,178,2
-0.115323346192325,0,21,201011,2,242,2
0.0690370980529292,0,21,201011,2,246,2
0.344820265167925,0,21,201011,2,263,2
0.0873280978843409,0,21,201011,2,267,2
-0.130919764202301,0,21,201011,2,279,2
-0.747642962101646,0,21,201011,2,384,2
0.561220954793584,0,21,201011,2,428,2
-0.293031387951343,0,21,201011,2,438,2
-0.101388620610945,0,21,201011,2,440,2
-0.0967061867544796,0,21,201011,2,452,2
-0.125033607108279,0,21,201011,2,460,2
0.050908973190318,0,21,201011,2,468,2
0.272365253237177,0,21,201011,2,474,2
0.167865151850892,0,21,201011,2,484,2
0.752417481330509,0,21,201011,2,498,2
0.0590264025365748,0,21,201011,2,502,2
-0.300480959955716,0,21,201011,2,517,2
0.0135879890462702,0,21,201011,2,532,2
-0.269648352473277,0,21,201011,2,536,2
0.112065356330991,0,24,201113,1,20,2
0.254396062577793,0,24,201113,1,116,2
0.249477679834457,0,24,201113,1,144,2
-0.0471091002877343,0,24,201113,1,401,2
0.0335999600862046,0,24,201113,1,483,2
0.515007284364113,0,24,201113,1,574,2
0.59155814992336,0,24,201113,1,593,2
-0.0859766153110961,0,24,201113,1,623,2
-0.0870081343155786,0,24,201113,1,719,2
0.305324208943547,0,24,201113,1,723,2
0.113267741106987,0,24,201113,1,750,2
0.00158796367595782,0,24,201113,1,785,2
0.564928943886241,0,24,201113,1,798,2
-0.198256194770474,0,24,201113,1,827,2
0.569838835563003,0,24,201113,1,864,2
0.461175062175105,0,24,201113,1,866,2
0.702129043166819,0,24,201113,1,882,2
-0.008993855515536,0,24,201113,1,909,2
-0.191019046833744,0,24,201113,1,911,2
0.179633229672902,0,24,201113,1,915,2
0.24376766179236,0,24,201113,1,919,2
-0.474735152639036,0,24,201113,1,920,2
0.0337314917522269,0,24,201113,1,922,2
0.135548163508616,0,24,201113,1,924,2
0.463919683064541,0,24,201117,1,12,2
-0.170403010929563,0,24,201117,1,18,2
0.323986457681335,0,24,201117,1,22,2
0.732958833285799,0,24,201117,1,32,2
0.352427384524206,0,24,201117,1,41,2
0.126852478831035,0,24,201117,1,59,2
0.559527194247031,0,24,201117,1,67,2
0.287745909902239,0,24,201117,1,207,2
0.293752071445809,0,24,201117,1,236,2
0.0577100808013808,0,24,201117,1,249,2
0.441816193502119,0,24,201117,1,261,2
0.290082830094308,0,24,201117,1,263,2
0.243852719673755,0,24,201117,1,269,2
-0.120405304397529,0,24,201117,1,288,2
0.264298574326149,0,24,201117,1,294,2
0.180607036632439,0,24,201117,1,296,2
0.251430342616192,0,24,201117,1,323,2
-0.474275847716335,0,24,201117,1,335,2
0.297864920217858,0,24,201117,1,388,2
0.299691955756152,0,24,201117,1,402,2
-0.218864107526168,0,24,201117,1,405,2
0.379848846539007,0,24,201117,1,413,2
0.0533303975562377,0,24,201117,1,415,2
0.28492941708295,0,24,201117,1,440,2
-0.260051678367251,0,24,201117,1,474,2
-0.0110052949673133,0,24,201117,1,490,2
-0.000989736814613743,0,24,201117,1,522,2
-0.452108692498528,0,24,201117,1,604,2
0.255292515658553,0,24,201117,1,606,2
-0.501936589189259,0,24,201117,1,620,2
0.0381243281406096,0,24,201117,1,634,2
0.262946780901048,0,24,201117,1,650,2
0.179126932446428,0,24,201117,1,674,2
0.580863500523178,0,24,201117,1,679,2
0.529555413648384,0,24,201117,1,682,2
0.422600328255027,0,24,201117,1,684,2
0.061074880035408,0,24,201117,1,692,2
0.151747932099715,0,24,201117,1,698,2
0.387044986364458,0,24,201117,1,725,2
0.0176275024830214,0,24,201117,1,728,2
0.204582124928995,0,24,201117,1,731,2
0.332331555238386,0,24,201117,1,732,2
0.681919488980929,0,24,201117,1,739,2
-0.125286669288816,0,24,201117,1,749,2
0.0526809912097166,0,24,201118,2,51,2
0.56594080720149,0,24,201118,2,139,2
-0.245978059221828,0,24,201118,2,173,2
-0.128358546073873,0,24,201118,2,189,2
-0.119807352913392,0,24,201118,2,209,2
-0.0866343350128768,0,24,201118,2,249,2
0.183598405406843,0,24,201118,2,262,2
0.94243125586993,0,24,201118,2,275,2
-0.136787687483843,0,24,201118,2,307,2
-0.201926053505439,0,24,201118,2,329,2
0.152269832322837,0,24,201118,2,365,2
0.399668463728541,0,24,201118,2,367,2
-0.200236251239638,0,24,201118,2,379,2
-0.183064829507044,0,24,201118,2,383,2
-0.768653504727546,0,24,201118,2,405,2
-0.0253883122883287,0,24,201118,2,415,2
0.453439377956683,0,24,201118,2,439,2
0.244729271507679,0,24,201118,2,518,2
-0.00517938075523178,0,24,201118,2,522,2
0.0678281628537572,0,24,201118,2,523,2
0.0579915321087379,0,24,201118,2,529,2
0.276132665518955,0,24,201118,2,551,2
-0.126453728733926,0,24,201118,2,587,2
-0.166929377537217,0,24,201118,2,597,2
0.125029094120103,0,24,201118,2,601,2
0.66853865994257,0,45,211014,3,6,2
-0.527536887349327,0,45,211014,3,86,2
0.179688099948001,0,45,211014,3,124,2
-0.0119233135959625,0,45,211014,3,127,2
0.0401873053338828,0,45,211014,3,131,2
0.00467214203991333,0,45,211014,3,145,2
0.411821503177639,0,45,211014,3,168,2
0.4809652065813,0,45,211014,3,176,2
0.915820025460892,0,45,211014,3,181,2
-0.484053586181533,0,45,211014,3,184,2
0.253600522030566,0,45,211014,3,190,2
-0.0293092088740545,0,45,211014,3,192,2
0.897834294104541,0,45,211014,3,197,2
-0.0274966813792729,0,45,211014,3,205,2
0.192382443096968,0,45,211014,3,208,2
0.67421811409923,0,45,211014,3,214,2
0.0338245005615518,0,45,211014,3,217,2
-0.0590683716723945,0,45,211014,3,221,2
0.00762182646384826,0,45,211014,3,228,2
-0.467375063010183,0,45,211014,3,229,2
-0.14013043531842,0,45,211014,3,230,2
0.03696028118153,0,45,211014,3,235,2
-0.190251573768487,0,45,211014,3,236,2
-0.0847768707990458,0,45,211014,3,237,2
0.122616851411659,0,45,211014,3,238,2
-0.0353421604804156,0,45,211014,3,239,2
-0.0181051132068422,0,45,211014,3,245,2
