resFR,isCorrect,AnimalID,RecDate,NovelDay,CellID,CellType
0.0724222478941831,1,11,200131,2,5,1
0.278741061766431,1,11,200131,2,12,1
-0.026016172591142,1,11,200131,2,23,1
-0.0734835530830842,1,11,200131,2,25,1
-0.146926978505048,1,11,200131,2,51,1
-0.361785989741261,1,11,200201,3,1,1
-0.184991756066388,1,11,200201,3,19,1
-0.154707631043812,1,11,200201,3,62,1
-0.26443081839728,1,11,200201,3,95,1
-0.031989126198705,1,11,200201,3,120,1
0.281836788124053,1,11,200201,3,154,1
-0.250010459351067,1,11,200201,3,178,1
-0.051178982024258,1,11,200201,3,532,1
0.318982636660329,1,11,200201,3,549,1
-0.261066983471545,1,11,200201,3,561,1
-0.022439164428291,1,11,200201,3,609,1
0.0590001891149295,1,11,200201,3,611,1
-0.477920643864085,1,11,200203,1,96,1
-0.149322662142004,1,11,200203,1,146,1
-0.470250149663618,1,11,200203,1,168,1
-0.0846930239622061,1,11,200203,1,311,1
0.336824853839365,1,11,200203,1,412,1
0.494816206898728,1,11,200204,2,17,1
-0.361992350122295,1,11,200204,2,44,1
-0.172819244691389,1,11,200204,2,77,1
0.604454096224904,1,11,200204,2,155,1
0.528885847524894,1,11,200204,2,157,1
-0.033979383442988,1,11,200204,2,159,1
-0.460428126184175,1,11,200205,3,208,1
0.0777790060556102,1,11,200205,3,210,1
0.313059100032668,1,11,200205,3,224,1
-0.079988892322432,1,11,200205,3,232,1
-0.101780534789376,1,11,200205,3,242,1
-0.503524111415389,1,18,200815,2,343,1
0.420018802611259,1,18,200816,3,33,1
0.327708048567451,1,18,200816,3,60,1
0.497393127868121,1,18,200816,3,255,1
0.42286009895465,1,18,200816,3,379,1
-0.0228633711313885,1,18,200816,3,452,1
-0.499510148186394,1,18,200816,3,546,1
-0.293689221164147,1,18,200818,1,104,1
0.0329539015559604,1,18,200818,1,106,1
0.418250376300698,1,18,200818,1,116,1
0.00374671408262101,1,18,200818,1,323,1
0.046815797981406,1,18,200818,1,421,1
-0.272209125723245,1,18,200819,2,39,1
0.393272956634867,1,18,200819,2,56,1
-0.600874779304214,1,18,200819,2,175,1
-0.511620693118585,1,18,200819,2,177,1
-0.510798643762731,1,18,200819,2,182,1
-0.267016956660015,1,18,200819,2,203,1
-0.314880002105309,1,18,200819,2,483,1
-0.302337837243758,1,18,200820,3,18,1
-0.312712833678474,1,18,200820,3,51,1
-0.365516142114139,1,18,200820,3,501,1
-0.081459164030341,1,18,200820,3,549,1
-0.0367818844994948,1,21,201011,2,5,1
-0.100152699901462,1,21,201011,2,165,1
-0.071320454865736,1,21,201011,2,167,1
-0.708471128469789,1,21,201011,2,240,1
-0.434452810793676,1,21,201012,3,53,1
-0.646997350929763,1,21,201012,3,233,1
-0.519418524656194,1,21,201014,1,232,1
0.372408605606727,1,21,201014,1,362,1
-0.20231291888701,1,21,201014,1,729,1
-0.538203864158392,1,21,201015,2,28,1
-0.582917849709469,1,21,201015,2,104,1
-0.0431040569899694,1,21,201015,2,156,1
-0.323448308167589,1,21,201015,2,333,1
0.225552866268655,1,21,201016,3,89,1
-0.124958023088231,1,24,201113,1,699,1
-0.530430158370632,1,24,201113,1,740,1
-0.173569892069662,1,24,201114,2,5,1
-0.552389766563307,1,24,201114,2,24,1
-0.264225645411829,1,24,201114,2,64,1
0.00327567415408128,1,24,201115,3,103,1
-0.375524622743293,1,24,201115,3,105,1
-0.269486373770378,1,24,201115,3,128,1
-0.114877921284773,1,24,201115,3,495,1
-0.418129234487989,1,24,201115,3,871,1
-0.621448302239102,1,24,201115,3,942,1
-0.309073452045481,1,24,201115,3,954,1
-0.0044640859278291,1,24,201117,1,174,1
-0.205461655163582,1,24,201117,1,446,1
-0.708647540530426,1,24,201117,1,562,1
-0.12680988886857,1,24,201117,1,590,1
-0.261680968898852,1,24,201117,1,665,1
0.585756258053973,1,24,201117,1,700,1
-0.395448919020616,1,24,201118,2,88,1
-0.515219657524828,1,24,201118,2,94,1
-0.102793413532809,1,24,201118,2,130,1
0.35396678171998,1,24,201118,2,143,1
-0.343593013708531,1,24,201118,2,293,1
-0.177322358146834,1,24,201118,2,516,1
-0.38285563380128,1,24,201119,3,110,1
-0.236059326927262,1,24,201119,3,181,1
-0.05138249789566,1,24,201119,3,541,1
-0.585288923418434,1,45,211007,1,29,1
-0.0351436185576635,1,45,211007,1,61,1
-0.078495948204005,1,45,211007,1,119,1
-0.545196380668401,1,45,211007,1,128,1
-0.44441036798722,1,45,211007,1,145,1
-0.499986099156872,1,45,211007,1,172,1
-0.30968301628631,1,45,211008,2,69,1
0.380791879081253,1,45,211008,2,74,1
-0.813459053024375,1,45,211008,2,84,1
0.0334478491657083,1,45,211010,3,13,1
0.436332970578704,1,45,211010,3,121,1
0.336267906581217,1,45,211010,3,127,1
0.375190597087353,1,45,211010,3,131,1
0.207294463624289,1,45,211010,3,136,1
0.63355709310926,1,45,211010,3,301,1
-0.738721955517179,1,45,211012,1,24,1
-0.0113620211164861,1,45,211012,1,63,1
-0.617166308423334,1,45,211012,1,93,1
0.021094857022786,1,45,211012,1,180,1
-0.389800055027518,1,45,211013,2,8,1
-0.782114143421782,1,45,211013,2,15,1
-0.377237618545348,1,45,211013,2,55,1
-0.634442999115726,1,45,211013,2,115,1
-0.908503013107352,1,45,211013,2,127,1
-0.260263706255338,1,45,211013,2,163,1
-0.361932313460532,1,45,211013,2,200,1
-0.0678130148245632,1,45,211014,3,72,1
-0.209291600861124,1,45,211014,3,74,1
-0.0380700780520977,1,45,211014,3,78,1
-0.437307217886579,1,45,211014,3,82,1
-0.0116735735663367,1,45,211014,3,84,1
-0.101232777916507,1,45,211014,3,91,1
-0.288480332192065,1,45,211014,3,105,1
-0.376270828344387,1,45,211014,3,216,1
-0.176243743798873,1,46,211017,1,28,1
-0.266143091514018,1,46,211017,1,106,1
-0.511326773291075,1,46,211017,1,110,1
-0.481824992629896,1,46,211017,1,122,1
0.110222220684114,1,46,211017,1,262,1
-0.179506327172826,1,46,211018,2,35,1
-0.0925076386441951,1,46,211018,2,58,1
-0.364695760053962,1,46,211018,2,96,1
0.133371636666717,1,46,211018,2,102,1
-0.0328587853638657,1,46,211018,2,104,1
-0.344281100269394,1,46,211018,2,255,1
-0.879225068385118,1,46,211019,3,306,1
-0.46594818617863,1,46,211021,2,15,1
-0.155442599555557,1,46,211021,2,34,1
-0.12402359441847,1,46,211021,2,38,1
-0.541778245675517,1,46,211021,2,43,1
-0.378770570010473,1,46,211021,2,56,1
-0.62674078929911,1,46,211021,2,123,1
-0.289379192953207,1,46,211021,2,157,1
0.493973041548637,1,46,211022,3,62,1
0.182394025466109,1,46,211022,3,188,1
0.135265616355754,1,46,211022,3,206,1
-0.263132318622005,1,46,211022,3,384,1
-0.236786877188578,1,46,211022,3,394,1
-0.5853502725156,1,46,211022,3,411,1
-0.32836245626229,1,46,211022,3,535,1
-0.633045548251698,1,46,211022,3,821,1
-0.11876054543025,1,47,211017,1,98,1
-0.463136365909976,1,47,211017,1,100,1
0.154060094082585,1,47,211017,1,281,1
0.103866476852279,1,47,211017,1,324,1
-0.876052263520315,1,47,211018,2,90,1
-0.304076108889561,1,47,211018,2,100,1
-0.227844890896888,1,47,211018,2,110,1
-0.0688495615646844,1,47,211018,2,128,1
-0.211271800531469,1,47,211018,2,223,1
-0.582956744583191,1,47,211019,3,41,1
-0.610222521077702,1,47,211019,3,67,1
-0.205268118912365,1,47,211019,3,74,1
-0.107643925358608,1,47,211019,3,202,1
0.0678290298668922,1,47,211019,3,268,1
-0.485433022001998,1,47,211020,1,7,1
-0.290618357870147,1,47,211020,1,56,1
-0.0678523902087193,1,47,211020,1,87,1
-0.567262405448194,1,47,211020,1,106,1
-0.355258243229266,1,47,211020,1,258,1
-0.595997006745599,1,47,211020,1,259,1
-0.371129441389911,1,47,211020,1,273,1
-0.676119542219859,1,47,211021,2,5,1
-0.352579124303966,1,47,211021,2,18,1
-0.603158410148639,1,47,211021,2,48,1
-0.497888188680565,1,47,211021,2,112,1
0.339129473841778,1,47,211022,3,105,1
-0.226484555519443,1,47,211022,3,202,1
-0.140549956402309,1,47,211022,3,222,1
-0.326972643707249,1,47,211022,3,228,1
-0.808265544171881,1,47,211022,3,229,1
-0.0454723983914348,1,47,211022,3,235,1
0.134126027234311,1,47,211022,3,245,1
-0.886606900444209,1,47,211022,3,249,1
-0.764712276962904,1,47,211022,3,250,1
-0.0829700732719427,1,47,211022,3,254,1
0.12530761928656,0,11,200131,2,5,1
-0.609144057958197,0,11,200131,2,12,1
-0.0538175375573691,0,11,200131,2,23,1
0.300112304072045,0,11,200131,2,25,1
-0.485981639792046,0,11,200131,2,51,1
-0.0346037575247728,0,11,200201,3,1,1
-0.235985284992717,0,11,200201,3,19,1
0.0579170643754628,0,11,200201,3,62,1
-0.599678047284976,0,11,200201,3,95,1
-0.00829219281052944,0,11,200201,3,120,1
0.0789589473272395,0,11,200201,3,154,1
-0.51972402215806,0,11,200201,3,178,1
0.296641103167295,0,11,200201,3,532,1
0.0339342941889457,0,11,200201,3,549,1
-0.377803138311599,0,11,200201,3,561,1
0.0860683227264242,0,11,200201,3,609,1
-0.303418576592497,0,11,200201,3,611,1
-0.382528300046498,0,11,200203,1,96,1
-0.176503439563018,0,11,200203,1,146,1
-0.609005212239137,0,11,200203,1,168,1
0.440231952405206,0,11,200203,1,311,1
-0.103523410988911,0,11,200203,1,412,1
-0.0874411381522486,0,11,200204,2,17,1
0.181855181776586,0,11,200204,2,44,1
-0.200114519875377,0,11,200204,2,77,1
-0.376407210850005,0,11,200204,2,155,1
-0.00443817004079156,0,11,200204,2,157,1
-0.647483487370678,0,11,200204,2,159,1
0.498078171672219,0,11,200205,3,208,1
-0.0475651708914209,0,11,200205,3,210,1
0.567653652794237,0,11,200205,3,224,1
0.11937162074903,0,11,200205,3,232,1
-0.250916921878707,0,11,200205,3,242,1
-0.473329248792871,0,18,200815,2,343,1
-0.548979532228895,0,18,200816,3,33,1
-0.180576615260189,0,18,200816,3,60,1
-0.0548697433565938,0,18,200816,3,255,1
0.181145022031141,0,18,200816,3,379,1
0.0309325151746778,0,18,200816,3,452,1
-0.111231492135851,0,18,200816,3,546,1
0.329837693788421,0,18,200818,1,104,1
-0.594935844769159,0,18,200818,1,106,1
0.171990138707073,0,18,200818,1,116,1
-0.380834877251633,0,18,200818,1,323,1
-0.388060104474742,0,18,200818,1,421,1
-0.066123577807264,0,18,200819,2,39,1
-0.264905498033403,0,18,200819,2,56,1
-0.235000523442781,0,18,200819,2,175,1
-0.0182960218667872,0,18,200819,2,177,1
-0.234898511579873,0,18,200819,2,182,1
0.353556677864409,0,18,200819,2,203,1
-0.275467676588711,0,18,200819,2,483,1
-0.37400312030039,0,18,200820,3,18,1
0.074268910356259,0,18,200820,3,51,1
-0.393789621389011,0,18,200820,3,501,1
-0.0469990676809221,0,18,200820,3,549,1
-0.856304158954837,0,21,201010,1,2,1
-0.154042154238901,0,21,201010,1,116,1
-0.278153155153142,0,21,201010,1,133,1
-0.315194297170236,0,21,201011,2,5,1
0.0926260571668006,0,21,201011,2,165,1
-0.393290114129839,0,21,201011,2,167,1
-0.307840309121471,0,21,201011,2,240,1
-0.00730232869062258,0,21,201012,3,53,1
-0.135758506966246,0,21,201012,3,233,1
0.0909192117464462,0,21,201014,1,232,1
-0.119256310574686,0,21,201014,1,362,1
-0.115815200147757,0,21,201014,1,729,1
-0.31279054713955,0,21,201015,2,28,1
0.0865842055510719,0,21,201015,2,104,1
0.102108752604959,0,21,201015,2,156,1
-0.265588248324425,0,21,201015,2,333,1
-0.344034118781289,0,21,201016,3,89,1
0.41210078708893,0,24,201113,1,699,1
-0.00863328313194683,0,24,201113,1,740,1
0.0349964803190194,0,24,201114,2,5,1
-0.0483990844816288,0,24,201114,2,24,1
0.0222571889233552,0,24,201114,2,64,1
-0.11602433715718,0,24,201115,3,103,1
-0.246509840955581,0,24,201115,3,105,1
0.351086643561235,0,24,201115,3,128,1
-0.133145390990153,0,24,201115,3,495,1
-0.526520062984264,0,24,201115,3,871,1
-0.0658804314482617,0,24,201115,3,942,1
0.117512911090927,0,24,201115,3,954,1
-0.399708787148642,0,24,201117,1,174,1
-0.495271984842878,0,24,201117,1,446,1
-0.133750058851814,0,24,201117,1,562,1
-0.600639999535595,0,24,201117,1,590,1
-0.364673423708967,0,24,201117,1,665,1
-0.114996534079129,0,24,201117,1,700,1
0.2526626507784,0,24,201118,2,88,1
-0.303506402481906,0,24,201118,2,94,1
-0.668598668969618,0,24,201118,2,130,1
-0.950227235697949,0,24,201118,2,143,1
-0.191779686723786,0,24,201118,2,293,1
-0.661037432772677,0,24,201118,2,516,1
0.0680674455144897,0,24,201119,3,110,1
-0.319038929978193,0,24,201119,3,181,1
-0.399621172123393,0,24,201119,3,541,1
-0.324080032141063,0,45,211010,3,13,1
0.00154927126123283,0,45,211010,3,121,1
-0.301060470776978,0,45,211010,3,127,1
-0.0362100910590709,0,45,211010,3,131,1
0.0714673396449222,0,45,211010,3,136,1
-0.357450743680375,0,45,211010,3,301,1
-0.402783792777242,0,45,211012,1,24,1
-0.386740302117585,0,45,211012,1,63,1
-0.421734484278708,0,45,211012,1,93,1
0.0723937169723354,0,45,211012,1,180,1
-0.021797794170855,0,45,211013,2,8,1
-0.126179191905205,0,45,211013,2,15,1
-0.433774886957647,0,45,211013,2,55,1
-0.398936449629917,0,45,211013,2,115,1
-0.623013891571515,0,45,211013,2,127,1
-0.143833791986547,0,45,211013,2,163,1
-0.645198055466806,0,45,211013,2,200,1
0.213793948382959,0,45,211014,3,72,1
-0.878467105242599,0,45,211014,3,74,1
-0.384308370998488,0,45,211014,3,78,1
0.266840491450735,0,45,211014,3,82,1
-0.344507217772728,0,45,211014,3,84,1
-0.00870690655998232,0,45,211014,3,91,1
-0.286217674599223,0,45,211014,3,105,1
-0.725559787107805,0,45,211014,3,216,1
-0.585455866650527,0,46,211017,1,28,1
-0.530338319930363,0,46,211017,1,106,1
-0.396176324774844,0,46,211017,1,110,1
-0.281246076770453,0,46,211017,1,122,1
-0.427503904327213,0,46,211017,1,262,1
0.400610040207277,0,46,211018,2,35,1
-0.55709233545814,0,46,211018,2,58,1
0.174428523477102,0,46,211018,2,96,1
0.775969055390968,0,46,211018,2,102,1
0.00527287226026019,0,46,211018,2,104,1
0.0994833279757302,0,46,211018,2,255,1
-0.839635467643428,0,46,211019,3,306,1
-0.594763903758668,0,47,211017,1,98,1
-0.401224315220504,0,47,211017,1,100,1
-0.23947827242825,0,47,211017,1,281,1
-0.0686313697858054,0,47,211017,1,324,1
-0.170408703841953,0,47,211018,2,90,1
-0.443475501503076,0,47,211018,2,100,1
0.0425799173628995,0,47,211018,2,110,1
-0.705836700482466,0,47,211018,2,128,1
-0.166287012033182,0,47,211018,2,223,1
-0.282991325055153,1,11,200131,2,14,2
0.116587339358589,1,11,200131,2,29,2
-0.142215983704401,1,11,200131,2,41,2
-0.293074586741495,1,11,200201,3,41,2
0.100843723006629,1,11,200201,3,63,2
0.189486609188018,1,11,200201,3,144,2
0.0240720713110852,1,11,200201,3,150,2
0.0843271533564152,1,11,200201,3,156,2
-0.230446897344473,1,11,200201,3,197,2
-0.153671888761489,1,11,200201,3,205,2
-0.245926730671457,1,11,200201,3,224,2
0.464706483307623,1,11,200201,3,270,2
-0.102508042053468,1,11,200201,3,330,2
0.219672548313905,1,11,200201,3,345,2
0.663643027605655,1,11,200201,3,391,2
0.445220936939883,1,11,200201,3,423,2
0.808284105460365,1,11,200201,3,437,2
0.543149510231184,1,11,200201,3,453,2
0.905372423511938,1,11,200201,3,458,2
0.482352939609539,1,11,200201,3,471,2
-0.0212333084727445,1,11,200201,3,495,2
-0.35387346357351,1,11,200201,3,505,2
0.299143043324352,1,11,200201,3,539,2
-0.175018200896005,1,11,200201,3,545,2
0.0628667111258432,1,11,200201,3,565,2
0.373397045286665,1,11,200201,3,568,2
-0.106099872839587,1,11,200201,3,571,2
-0.113155612231199,1,11,200201,3,572,2
0.306525053234307,1,11,200201,3,576,2
0.426400423975556,1,11,200201,3,580,2
0.885058171842131,1,11,200201,3,582,2
0.34069471206706,1,11,200201,3,583,2
0.201681431074793,1,11,200201,3,585,2
-0.0798440600040521,1,11,200201,3,587,2
-0.188308104600711,1,11,200201,3,593,2
0.652796567317022,1,11,200201,3,604,2
0.13701127184934,1,11,200203,1,30,2
-0.416974500009641,1,11,200203,1,43,2
0.505919773685804,1,11,200203,1,53,2
0.268990529238991,1,11,200203,1,55,2
0.811794384171729,1,11,200203,1,142,2
-0.161989418838136,1,11,200203,1,152,2
0.315448857212554,1,11,200203,1,181,2
-0.419645546822668,1,11,200203,1,249,2
0.378570019854845,1,11,200203,1,288,2
0.516833316115847,1,11,200203,1,334,2
0.558298997872452,1,11,200203,1,368,2
0.919276879112082,1,11,200203,1,419,2
0.417233628228267,1,11,200203,1,420,2
0.436629365833987,1,11,200203,1,441,2
0.356682967442234,1,11,200203,1,450,2
0.314579227879611,1,11,200203,1,457,2
-0.150382017169451,1,11,200203,1,461,2
0.648160960332234,1,11,200203,1,465,2
0.177200480245512,1,11,200203,1,468,2
-0.338439048387699,1,11,200204,2,3,2
-0.163141293330385,1,11,200204,2,4,2
0.5488353007343,1,11,200204,2,28,2
0.365987372751715,1,11,200204,2,39,2
-0.15915595482738,1,11,200204,2,87,2
0.574244888878669,1,11,200204,2,98,2
0.331791005726716,1,11,200204,2,110,2
0.470862356305628,1,11,200204,2,163,2
0.0943608111686894,1,11,200204,2,195,2
0.428898198694505,1,11,200204,2,199,2
-0.229834871787223,1,11,200204,2,205,2
-0.119064438045543,1,11,200204,2,225,2
-0.516040405059732,1,11,200204,2,233,2
0.284918671869269,1,11,200204,2,245,2
-0.260743748239421,1,11,200204,2,250,2
0.139727026514998,1,11,200204,2,251,2
0.391756355436872,1,11,200204,2,252,2
-0.358166917694375,1,11,200204,2,253,2
-0.147962802316023,1,11,200204,2,262,2
-0.409484561627389,1,11,200204,2,266,2
-0.0173648639960627,1,11,200204,2,273,2
0.13695025313647,1,11,200204,2,279,2
0.0588339163596754,1,11,200204,2,282,2
0.100187295317562,1,11,200205,3,0,2
0.448585966721915,1,11,200205,3,1,2
0.0472341521359457,1,11,200205,3,6,2
0.6546171910013,1,11,200205,3,21,2
-0.0941852842307813,1,11,200205,3,64,2
0.164902837814175,1,11,200205,3,74,2
0.297766939768393,1,11,200205,3,103,2
0.722329049091937,1,11,200205,3,115,2
0.228010235786113,1,11,200205,3,116,2
0.0261076387213829,1,11,200205,3,118,2
0.729453616942628,1,11,200205,3,121,2
0.105368585377295,1,11,200205,3,146,2
0.0380165006355612,1,11,200205,3,168,2
0.0159889121082422,1,11,200205,3,178,2
0.233663260136806,1,11,200205,3,238,2
0.324849627982367,1,11,200205,3,244,2
0.260819695604273,1,11,200205,3,275,2
-0.118639777759566,1,11,200205,3,306,2
0.361397664178509,1,11,200205,3,352,2
-0.0968085828546121,1,11,200205,3,407,2
-0.334827482672007,1,11,200205,3,419,2
-0.482171397304864,1,11,200205,3,423,2
0.0610170749215456,1,11,200205,3,448,2
0.794725363666422,1,11,200205,3,456,2
0.349399370590884,1,11,200205,3,460,2
0.0786505186816804,1,11,200205,3,462,2
-0.248675496562172,1,11,200205,3,496,2
0.0213565694291614,1,11,200205,3,500,2
0.437538598499043,1,11,200205,3,538,2
0.431485413706443,1,11,200205,3,541,2
-0.355555351758416,1,11,200205,3,542,2
0.352861716511168,1,11,200205,3,547,2
-0.569961549992903,1,11,200205,3,548,2
0.118188537253748,1,11,200205,3,549,2
0.0172617552414492,1,11,200205,3,559,2
-0.0390704308997896,1,11,200205,3,572,2
0.493806792150739,1,18,200814,1,217,2
-0.140717579226311,1,18,200815,2,17,2
-0.141386379545579,1,18,200815,2,29,2
0.899797032279027,1,18,200815,2,99,2
-0.0485724830950111,1,18,200815,2,142,2
0.335713470668441,1,18,200815,2,152,2
0.185792559562498,1,18,200815,2,178,2
0.539357038009405,1,18,200815,2,188,2
0.344046016517331,1,18,200815,2,190,2
0.720018164787215,1,18,200815,2,222,2
-0.205811266322145,1,18,200815,2,286,2
-0.359616810778898,1,18,200815,2,292,2
0.489991467413667,1,18,200815,2,297,2
-0.273737765031005,1,18,200815,2,300,2
0.0413261200532662,1,18,200815,2,322,2
-0.136847997249935,1,18,200815,2,336,2
0.544149924539587,1,18,200815,2,338,2
-0.526297940978929,1,18,200816,3,4,2
0.145350209803673,1,18,200816,3,31,2
-0.114359553176204,1,18,200816,3,32,2
0.81826679785095,1,18,200816,3,47,2
0.429732136527675,1,18,200816,3,53,2
-0.217108473580019,1,18,200816,3,61,2
0.579693634319633,1,18,200816,3,66,2
0.659237407105847,1,18,200816,3,93,2
-0.072543560362596,1,18,200816,3,249,2
0.209211467310178,1,18,200816,3,291,2
0.743037522877115,1,18,200816,3,295,2
0.217776175159476,1,18,200816,3,311,2
0.0243984253175722,1,18,200816,3,323,2
0.0832017076452319,1,18,200816,3,335,2
-0.251737739831944,1,18,200816,3,351,2
0.391709675001182,1,18,200816,3,411,2
0.262165575268613,1,18,200816,3,462,2
0.660146863687283,1,18,200816,3,464,2
0.173396421963685,1,18,200816,3,565,2
-0.245343386063144,1,18,200816,3,574,2
0.687238600029248,1,18,200816,3,578,2
0.238883725773744,1,18,200816,3,584,2
-0.318378810008114,1,18,200816,3,586,2
-0.243710253750947,1,18,200816,3,592,2
0.578775079638386,1,18,200816,3,598,2
-0.435508301581158,1,18,200816,3,605,2
0.0841816142450135,1,18,200816,3,610,2
0.222333247040685,1,18,200816,3,611,2
0.232454599284865,1,18,200816,3,615,2
0.600250685004669,1,18,200816,3,616,2
0.704931629542117,1,18,200816,3,617,2
0.171280832413538,1,18,200816,3,619,2
-0.00101613566250236,1,18,200816,3,622,2
0.174540837598727,1,18,200816,3,623,2
0.452596848842317,1,18,200818,1,122,2
0.372430293468931,1,18,200818,1,178,2
0.378506432699064,1,18,200818,1,233,2
0.612948029479507,1,18,200818,1,425,2
-0.0956084923869439,1,18,200818,1,429,2
-0.0997227513974235,1,18,200818,1,433,2
-0.24457727633607,1,18,200818,1,485,2
0.440159283021734,1,18,200818,1,497,2
0.0246097272613815,1,18,200818,1,509,2
-0.262178808762023,1,18,200818,1,538,2
-0.207212983373625,1,18,200818,1,568,2
-0.125818517916265,1,18,200818,1,594,2
0.291187426675982,1,18,200818,1,634,2
0.641255816514432,1,18,200818,1,650,2
0.144056339335201,1,18,200818,1,686,2
0.06303961404418,1,18,200818,1,689,2
-0.0149391145533406,1,18,200818,1,695,2
0.831890098886334,1,18,200818,1,705,2
0.0923634941744178,1,18,200818,1,710,2
-0.0238665372348312,1,18,200818,1,713,2
-0.219774914162168,1,18,200818,1,721,2
0.207390818300033,1,18,200818,1,723,2
0.636442983835656,1,18,200818,1,725,2
0.107254269205308,1,18,200818,1,731,2
0.450941994528575,1,18,200819,2,2,2
0.147598810021741,1,18,200819,2,18,2
0.121570195601956,1,18,200819,2,48,2
-0.020990369953218,1,18,200819,2,59,2
-0.306506150395379,1,18,200819,2,60,2
0.148655581155639,1,18,200819,2,63,2
0.846931814184798,1,18,200819,2,127,2
0.799259900572015,1,18,200819,2,130,2
0.393137795021147,1,18,200819,2,201,2
0.566002294657243,1,18,200819,2,233,2
0.275876613651537,1,18,200819,2,243,2
0.576608495164589,1,18,200819,2,247,2
0.313390226902022,1,18,200819,2,252,2
-0.435493146183726,1,18,200819,2,281,2
0.785895039286864,1,18,200819,2,283,2
0.940822316588847,1,18,200819,2,289,2
0.357365676013836,1,18,200819,2,291,2
-0.283302849227509,1,18,200819,2,295,2
0.330468189484331,1,18,200819,2,301,2
0.545761572381164,1,18,200819,2,303,2
-0.820240257344282,1,18,200819,2,313,2
0.334872021223892,1,18,200819,2,315,2
0.0670653228285837,1,18,200819,2,319,2
0.120177214074208,1,18,200819,2,345,2
0.153573021289739,1,18,200819,2,396,2
-0.032114127866373,1,18,200819,2,408,2
0.801631626119175,1,18,200819,2,421,2
-0.0330968530376175,1,18,200819,2,436,2
-0.552544315581492,1,18,200819,2,489,2
0.551322951184051,1,18,200819,2,496,2
0.465110771455114,1,18,200819,2,502,2
0.227397566067864,1,18,200819,2,504,2
0.0662725745017076,1,18,200819,2,526,2
0.370945111788264,1,18,200819,2,528,2
-0.0406851994107314,1,18,200819,2,537,2
0.11237760237567,1,18,200819,2,541,2
0.0746449787953188,1,18,200819,2,544,2
-0.223660884507591,1,18,200819,2,558,2
0.00775124197821564,1,18,200819,2,560,2
0.139802084506714,1,18,200819,2,568,2
0.202266445806846,1,18,200819,2,580,2
0.61756153418094,1,18,200819,2,581,2
0.607172344613391,1,18,200819,2,586,2
0.115899114095198,1,18,200820,3,0,2
0.238508308095671,1,18,200820,3,2,2
-0.293456468809077,1,18,200820,3,6,2
0.530713678250804,1,18,200820,3,14,2
-0.179035277667529,1,18,200820,3,31,2
-0.18198536315276,1,18,200820,3,56,2
-0.148619144049028,1,18,200820,3,58,2
-0.535469625110547,1,18,200820,3,59,2
-0.255332418914129,1,18,200820,3,62,2
0.238490158494698,1,18,200820,3,64,2
0.00786801918331054,1,18,200820,3,68,2
-0.647342839238489,1,18,200820,3,72,2
0.246736043089266,1,18,200820,3,73,2
0.171004168370416,1,18,200820,3,74,2
0.946109715398396,1,18,200820,3,91,2
-0.144523528673346,1,18,200820,3,95,2
-0.221202619912041,1,18,200820,3,116,2
0.356559630933173,1,18,200820,3,134,2
0.721390646375939,1,18,200820,3,142,2
0.186262385874756,1,18,200820,3,152,2
0.215955832537033,1,18,200820,3,157,2
-0.487083815999744,1,18,200820,3,165,2
0.14913522561071,1,18,200820,3,189,2
-0.0530180383370671,1,18,200820,3,267,2
0.0612294467648767,1,18,200820,3,284,2
0.164214371722476,1,18,200820,3,288,2
0.638212728067573,1,18,200820,3,296,2
-0.670078525268429,1,18,200820,3,307,2
0.199417631205685,1,18,200820,3,327,2
0.356222143881937,1,18,200820,3,335,2
0.171003998799746,1,18,200820,3,341,2
0.220942122859019,1,18,200820,3,347,2
-0.325762012855048,1,18,200820,3,351,2
-0.137254215135284,1,18,200820,3,377,2
0.356390183057399,1,18,200820,3,407,2
0.24086844050707,1,18,200820,3,419,2
0.102407819307634,1,18,200820,3,427,2
-0.178719172651086,1,18,200820,3,433,2
0.00566634831425947,1,18,200820,3,490,2
0.60073143129125,1,18,200820,3,492,2
0.131634047074172,1,18,200820,3,497,2
-0.339001051672427,1,18,200820,3,530,2
0.703373667451423,1,18,200820,3,531,2
0.651154954997659,1,18,200820,3,534,2
-0.518444864748167,1,18,200820,3,537,2
0.409481572309652,1,18,200820,3,538,2
-0.43068729934141,1,18,200820,3,539,2
0.70736993585858,1,18,200820,3,548,2
-0.458544937845733,1,18,200820,3,553,2
0.0313389905201973,1,18,200820,3,554,2
0.524505121953041,1,18,200820,3,557,2
0.686015382436759,1,18,200820,3,585,2
0.565500543109023,1,21,201011,2,11,2
0.0182770996258455,1,21,201011,2,178,2
-0.201141915339634,1,21,201011,2,242,2
-0.0683630686262058,1,21,201011,2,246,2
0.439405419300992,1,21,201011,2,263,2
0.263754425636817,1,21,201011,2,267,2
-0.295075978001943,1,21,201011,2,279,2
0.571204466216821,1,21,201011,2,384,2
0.168364910031393,1,21,201011,2,428,2
0.538495597754769,1,21,201011,2,438,2
-0.337595471710394,1,21,201011,2,440,2
-0.549067382629509,1,21,201011,2,452,2
-0.254653384267583,1,21,201011,2,460,2
0.782842904734504,1,21,201011,2,468,2
-0.100022665709351,1,21,201011,2,474,2
0.665277144914726,1,21,201011,2,484,2
0.0656453777766788,1,21,201011,2,498,2
0.393848303052484,1,21,201011,2,502,2
0.343917955196103,1,21,201011,2,517,2
0.188773307079405,1,21,201011,2,532,2
0.908698925756432,1,21,201011,2,536,2
-0.319242876009092,1,21,201012,3,1,2
0.73791931852494,1,21,201012,3,5,2
0.327486778451595,1,21,201012,3,16,2
-0.238091369979293,1,21,201012,3,34,2
0.17218119090039,1,21,201012,3,36,2
0.844176676418331,1,21,201012,3,39,2
-0.283897101758938,1,21,201012,3,102,2
-0.232030003582468,1,21,201012,3,130,2
0.217210873056054,1,21,201012,3,136,2
0.00499392436027823,1,21,201012,3,142,2
0.892993416536279,1,21,201012,3,146,2
0.803734250263823,1,21,201012,3,156,2
-0.154376421663005,1,21,201012,3,158,2
0.756186020142695,1,21,201012,3,166,2
0.137425224472294,1,21,201012,3,170,2
0.897096949351776,1,21,201012,3,182,2
-0.474848620294318,1,21,201012,3,184,2
0.147720488025109,1,21,201012,3,188,2
0.884056175545234,1,21,201012,3,192,2
0.327622820942117,1,21,201012,3,245,2
0.466173032181914,1,21,201012,3,256,2
0.809892196542654,1,21,201012,3,263,2
0.0950513403996002,1,21,201012,3,267,2
0.362587115594467,1,21,201012,3,268,2
-0.157227759754595,1,21,201012,3,271,2
0.424954194896566,1,21,201012,3,272,2
0.736698199568042,1,21,201014,1,72,2
0.200118220836021,1,21,201014,1,119,2
0.451107745562323,1,21,201014,1,138,2
0.618218440715469,1,21,201014,1,155,2
0.358208279669164,1,21,201014,1,172,2
-0.0409314936534519,1,21,201014,1,195,2
-0.616289707869673,1,21,201014,1,252,2
-0.31633265354419,1,21,201014,1,254,2
0.130039508593,1,21,201014,1,262,2
-0.291961909499698,1,21,201014,1,270,2
0.254936585982453,1,21,201014,1,284,2
0.484978300353292,1,21,201014,1,291,2
0.527961032547228,1,21,201014,1,315,2
-0.0339042027485039,1,21,201014,1,326,2
0.50281166377315,1,21,201014,1,332,2
0.507013982343696,1,21,201014,1,337,2
0.352926866672941,1,21,201014,1,347,2
-0.118095888780089,1,21,201014,1,370,2
0.161681045734732,1,21,201014,1,378,2
0.432884127302446,1,21,201014,1,390,2
0.638572013296167,1,21,201014,1,398,2
0.500135851446382,1,21,201014,1,406,2
0.773613859571531,1,21,201014,1,421,2
-0.130615332600075,1,21,201014,1,438,2
0.149501828404345,1,21,201014,1,443,2
-0.286745318583124,1,21,201014,1,451,2
0.711860508397372,1,21,201014,1,467,2
0.654534213430249,1,21,201014,1,504,2
0.625082146453689,1,21,201014,1,615,2
0.184021459100174,1,21,201014,1,636,2
-0.452703820209087,1,21,201014,1,645,2
0.143947220011494,1,21,201014,1,647,2
0.215799471815822,1,21,201014,1,665,2
0.309533900784512,1,21,201014,1,668,2
0.494078527222964,1,21,201014,1,676,2
0.450578232970791,1,21,201014,1,682,2
0.558845858527607,1,21,201014,1,686,2
0.64517338003062,1,21,201014,1,713,2
0.236527742891361,1,21,201014,1,735,2
0.314345474060424,1,21,201014,1,739,2
0.273661203198023,1,21,201015,2,19,2
0.112856183506955,1,21,201015,2,21,2
0.313094211058415,1,21,201015,2,31,2
0.517971677875842,1,21,201015,2,105,2
0.607131567908751,1,21,201015,2,111,2
0.658071595898051,1,21,201015,2,150,2
0.435393451771133,1,21,201015,2,186,2
-0.185055270589494,1,21,201015,2,198,2
-0.211687343112907,1,21,201015,2,204,2
-0.252174499616141,1,21,201015,2,214,2
0.746876086438809,1,21,201015,2,216,2
0.82531386552224,1,21,201015,2,224,2
-0.237238538724056,1,21,201015,2,232,2
0.235597625658089,1,21,201015,2,236,2
0.647740191673512,1,21,201015,2,255,2
0.529922008374969,1,21,201015,2,265,2
0.557649218117773,1,21,201015,2,355,2
-0.442595606903462,1,21,201015,2,358,2
-0.20057222091483,1,21,201015,2,379,2
0.0821739921357173,1,21,201015,2,399,2
0.858792651049124,1,21,201015,2,402,2
0.494944679984581,1,21,201015,2,417,2
-0.232822255977566,1,21,201016,3,9,2
0.691698961956712,1,21,201016,3,12,2
0.52774216150893,1,21,201016,3,24,2
0.3640660092909,1,21,201016,3,56,2
0.30183830726485,1,21,201016,3,63,2
0.0297448917697629,1,21,201016,3,75,2
0.0555720039234292,1,21,201016,3,91,2
0.301242780160346,1,21,201016,3,95,2
0.452432205483854,1,21,201016,3,137,2
-0.150963840673431,1,21,201016,3,188,2
0.175798678024359,1,21,201016,3,191,2
0.0125830536058981,1,21,201016,3,204,2
0.633536568089633,1,21,201016,3,210,2
0.417061294516427,1,21,201016,3,218,2
0.480935757634918,1,21,201016,3,221,2
-0.37147432864576,1,24,201113,1,20,2
-0.00486358241557772,1,24,201113,1,116,2
0.622590779861405,1,24,201113,1,144,2
0.0535344410824885,1,24,201113,1,401,2
0.326048926967253,1,24,201113,1,483,2
0.195427977393906,1,24,201113,1,574,2
0.498140399596397,1,24,201113,1,593,2
-0.36495564793506,1,24,201113,1,623,2
-0.189712363772236,1,24,201113,1,719,2
0.669485737217408,1,24,201113,1,723,2
0.552523179786026,1,24,201113,1,750,2
-0.144869270932391,1,24,201113,1,785,2
0.165838134143231,1,24,201113,1,798,2
-0.0274729091588238,1,24,201113,1,827,2
0.301275523106698,1,24,201113,1,864,2
-0.314064328252392,1,24,201113,1,866,2
0.544089935269229,1,24,201113,1,882,2
-0.0841796502393862,1,24,201113,1,909,2
-0.350147793013313,1,24,201113,1,911,2
-0.304263341047174,1,24,201113,1,915,2
0.228054443401791,1,24,201113,1,919,2
0.973652588795655,1,24,201113,1,920,2
0.632318112224006,1,24,201113,1,922,2
0.161788383046705,1,24,201113,1,924,2
0.0243677983672743,1,24,201114,2,13,2
0.440765375832988,1,24,201114,2,22,2
0.564616381372338,1,24,201114,2,23,2
0.151752528032978,1,24,201114,2,28,2
0.00685135686569138,1,24,201114,2,32,2
0.225413483009586,1,24,201114,2,48,2
-0.23030094853703,1,24,201114,2,94,2
0.0559763791306572,1,24,201114,2,96,2
-0.28997558303818,1,24,201114,2,145,2
0.458539177756635,1,24,201114,2,162,2
0.101791415926436,1,24,201114,2,168,2
0.490495439428304,1,24,201114,2,180,2
0.259861516087804,1,24,201114,2,188,2
0.484239854048617,1,24,201114,2,195,2
0.599481757641871,1,24,201114,2,198,2
0.0793976321176818,1,24,201114,2,210,2
0.699267266652702,1,24,201114,2,217,2
0.839536871738691,1,24,201114,2,233,2
0.0756082569210575,1,24,201114,2,244,2
0.780189826047962,1,24,201114,2,249,2
0.10191686407607,1,24,201114,2,253,2
0.557421635501298,1,24,201114,2,263,2
-0.55132251066392,1,24,201115,3,216,2
0.222870274768889,1,24,201115,3,296,2
-0.199240734103798,1,24,201115,3,396,2
-0.0242447412582616,1,24,201115,3,415,2
0.300775754276737,1,24,201115,3,429,2
0.776409354107311,1,24,201115,3,463,2
0.953298966946515,1,24,201115,3,531,2
0.618648419405597,1,24,201115,3,611,2
0.555552492833652,1,24,201115,3,622,2
0.666924099256978,1,24,201115,3,678,2
0.900271161688397,1,24,201115,3,682,2
0.814037142919005,1,24,201115,3,715,2
0.454257844937875,1,24,201115,3,719,2
0.751285249978638,1,24,201115,3,738,2
0.608953152760101,1,24,201115,3,868,2
0.147901597137952,1,24,201115,3,883,2
-0.00161636333542955,1,24,201115,3,887,2
0.543852433442945,1,24,201115,3,895,2
-0.299718234288607,1,24,201115,3,901,2
-0.101185273929623,1,24,201115,3,915,2
0.94266954680831,1,24,201115,3,980,2
-0.476222006794084,1,24,201115,3,1003,2
0.542742194644691,1,24,201115,3,1006,2
-0.0221131821790311,1,24,201115,3,1007,2
0.706011404379656,1,24,201115,3,1009,2
0.822582486937918,1,24,201115,3,1015,2
0.0293975762944786,1,24,201117,1,12,2
0.0562611840584573,1,24,201117,1,18,2
0.569779634413695,1,24,201117,1,22,2
0.0779232743621974,1,24,201117,1,32,2
-0.5304419900869,1,24,201117,1,41,2
0.232852380675363,1,24,201117,1,59,2
0.868191335814599,1,24,201117,1,67,2
-0.588062533718792,1,24,201117,1,207,2
0.345316871957786,1,24,201117,1,236,2
-0.212466480594743,1,24,201117,1,249,2
-0.0324179493194625,1,24,201117,1,261,2
0.0454073877124553,1,24,201117,1,263,2
-0.182709725665576,1,24,201117,1,269,2
-0.0481789968392672,1,24,201117,1,288,2
0.378953439045459,1,24,201117,1,294,2
0.0165273426547217,1,24,201117,1,296,2
-0.0233754131515664,1,24,201117,1,323,2
-0.210995001933923,1,24,201117,1,335,2
0.257772740721233,1,24,201117,1,388,2
-0.240152470878526,1,24,201117,1,402,2
-0.583439779822893,1,24,201117,1,405,2
0.0660765172366,1,24,201117,1,413,2
0.045747592907903,1,24,201117,1,415,2
0.178890321129732,1,24,201117,1,440,2
0.296874683208808,1,24,201117,1,474,2
0.133704929316686,1,24,201117,1,490,2
0.317345456799445,1,24,201117,1,522,2
0.671137696905946,1,24,201117,1,604,2
-0.0549187793154768,1,24,201117,1,606,2
-0.247101074330138,1,24,201117,1,620,2
0.25591502231081,1,24,201117,1,634,2
-0.114780890988091,1,24,201117,1,650,2
-0.212865349050681,1,24,201117,1,674,2
0.13798303879977,1,24,201117,1,679,2
0.00999483559352565,1,24,201117,1,682,2
0.171758015759813,1,24,201117,1,684,2
0.642949328830997,1,24,201117,1,692,2
0.0785280528971079,1,24,201117,1,698,2
-0.0301869344826784,1,24,201117,1,725,2
0.608631857647086,1,24,201117,1,728,2
0.442419689563186,1,24,201117,1,731,2
-0.160863906400466,1,24,201117,1,732,2
0.225572284588804,1,24,201117,1,739,2
0.439632992565654,1,24,201117,1,749,2
0.359920350131913,1,24,201118,2,51,2
0.165533437075876,1,24,201118,2,139,2
0.00825122734728645,1,24,201118,2,173,2
0.537402979608167,1,24,201118,2,189,2
0.393736010811969,1,24,201118,2,209,2
0.331854815795891,1,24,201118,2,249,2
0.935817016561584,1,24,201118,2,262,2
-0.716880040670758,1,24,201118,2,275,2
0.550806520493729,1,24,201118,2,307,2
-0.0767125064436409,1,24,201118,2,329,2
-0.447593398746578,1,24,201118,2,365,2
0.386634406277896,1,24,201118,2,367,2
0.324543186149431,1,24,201118,2,379,2
-0.0159933593517776,1,24,201118,2,383,2
0.315700776507344,1,24,201118,2,405,2
-0.0105564018313561,1,24,201118,2,415,2
-0.0722454435723351,1,24,201118,2,439,2
-0.259670167309816,1,24,201118,2,518,2
-0.249298217788996,1,24,201118,2,522,2
0.050609619951197,1,24,201118,2,523,2
-0.49290229934362,1,24,201118,2,529,2
0.0185984461396909,1,24,201118,2,551,2
0.503545498119598,1,24,201118,2,587,2
-0.177401647308642,1,24,201118,2,597,2
0.167518020406323,1,24,201118,2,601,2
-0.0315675864419062,1,24,201119,3,36,2
0.64810807010387,1,24,201119,3,223,2
-0.391439827209107,1,24,201119,3,251,2
0.398949398850386,1,24,201119,3,311,2
-0.768031294230126,1,24,201119,3,325,2
-0.50558634727851,1,24,201119,3,351,2
0.16662863437191,1,24,201119,3,382,2
-0.0594918879330358,1,24,201119,3,396,2
-0.127708306206732,1,24,201119,3,407,2
0.463321262574831,1,24,201119,3,431,2
0.0301377704253677,1,24,201119,3,463,2
0.622079387939686,1,24,201119,3,489,2
0.40756646208934,1,24,201119,3,496,2
0.344563848356836,1,24,201119,3,506,2
0.197924243059824,1,24,201119,3,576,2
0.456639936412177,1,24,201119,3,578,2
0.17413447478703,1,24,201119,3,593,2
-0.238071312118245,1,24,201119,3,600,2
0.853558105174088,1,24,201119,3,606,2
0.487302167158591,1,24,201119,3,608,2
0.382626324243546,1,24,201119,3,631,2
0.460341943511729,1,24,201119,3,639,2
0.357681292302644,1,24,201119,3,640,2
0.60063506046344,1,24,201119,3,641,2
0.26188044703409,1,45,211007,1,5,2
0.250200869221731,1,45,211007,1,11,2
0.0501412048048436,1,45,211007,1,19,2
-0.181382728404658,1,45,211007,1,40,2
-0.56843027691816,1,45,211007,1,41,2
-0.00144029792095546,1,45,211007,1,48,2
0.361149170412032,1,45,211007,1,53,2
-0.113466918512613,1,45,211007,1,59,2
0.386784974960396,1,45,211007,1,71,2
0.0726131423771299,1,45,211007,1,81,2
0.572748155386492,1,45,211007,1,82,2
0.586922815421758,1,45,211007,1,99,2
0.861227618770018,1,45,211007,1,103,2
0.198359531682334,1,45,211007,1,134,2
0.612772204653692,1,45,211007,1,136,2
-0.171586317673925,1,45,211007,1,140,2
-0.190842358362273,1,45,211007,1,153,2
-0.545374397003382,1,45,211007,1,166,2
-0.326679491983675,1,45,211007,1,180,2
-0.105927932216121,1,45,211007,1,187,2
-0.628774423393953,1,45,211007,1,195,2
0.159599341435322,1,45,211007,1,217,2
0.211600206792033,1,45,211007,1,220,2
-0.0819753528972313,1,45,211007,1,222,2
-0.242606232991732,1,45,211007,1,228,2
-0.628813683431324,1,45,211007,1,231,2
0.00519366399477972,1,45,211007,1,237,2
-0.397378780334683,1,45,211007,1,241,2
0.0608684761752506,1,45,211007,1,243,2
0.204991656373848,1,45,211007,1,247,2
0.502580432986891,1,45,211007,1,248,2
-0.32550450943601,1,45,211007,1,250,2
0.204506345280416,1,45,211007,1,251,2
0.703068558050048,1,45,211007,1,252,2
0.332382933447016,1,45,211008,2,26,2
0.360548124507743,1,45,211008,2,33,2
0.16803333105267,1,45,211008,2,37,2
0.661809352647716,1,45,211008,2,47,2
0.739531308080542,1,45,211008,2,50,2
-0.657951816751477,1,45,211008,2,86,2
-0.181590947613542,1,45,211008,2,92,2
-0.365647255428211,1,45,211008,2,97,2
-0.472672201534982,1,45,211008,2,102,2
0.26469096360696,1,45,211008,2,108,2
0.930461528009407,1,45,211008,2,126,2
0.97055232637019,1,45,211008,2,128,2
0.843890324710492,1,45,211008,2,132,2
0.0499489000468137,1,45,211008,2,140,2
0.119505596582329,1,45,211008,2,144,2
-0.0481985031452493,1,45,211008,2,150,2
0.0249329689488642,1,45,211008,2,156,2
-0.27715216672147,1,45,211008,2,172,2
-0.444784412802098,1,45,211008,2,178,2
-0.0508959983713113,1,45,211008,2,180,2
-0.1579791835816,1,45,211008,2,211,2
0.386418098864725,1,45,211008,2,213,2
-0.836077935709266,1,45,211008,2,218,2
-0.235881870744155,1,45,211008,2,219,2
0.432382706917151,1,45,211008,2,224,2
0.684205978229557,1,45,211008,2,225,2
-0.088369973800858,1,45,211008,2,231,2
-0.0316967222920692,1,45,211010,3,63,2
-0.153508624973234,1,45,211010,3,64,2
0.661383677598748,1,45,211010,3,108,2
0.886302288754498,1,45,211010,3,166,2
-0.00323589211483616,1,45,211010,3,178,2
-0.0717559016861226,1,45,211010,3,183,2
-0.140254427683337,1,45,211010,3,190,2
0.366950458983126,1,45,211010,3,192,2
0.849235412511038,1,45,211010,3,198,2
0.699048880641428,1,45,211010,3,204,2
0.579814877551825,1,45,211010,3,211,2
0.1579852624277,1,45,211010,3,213,2
0.488003424955644,1,45,211010,3,217,2
0.620133468744532,1,45,211010,3,225,2
-0.30076540160826,1,45,211010,3,231,2
-0.334369646647706,1,45,211010,3,239,2
-0.373756367191415,1,45,211010,3,245,2
0.00325089397128181,1,45,211010,3,251,2
-0.13605851733955,1,45,211010,3,253,2
0.272271513637498,1,45,211010,3,264,2
0.646588350822044,1,45,211010,3,268,2
0.271067875377747,1,45,211010,3,278,2
0.86464850929764,1,45,211010,3,308,2
0.829811725528724,1,45,211010,3,310,2
0.884349078739106,1,45,211010,3,315,2
0.604175328799949,1,45,211010,3,325,2
0.409968932670941,1,45,211010,3,337,2
0.201768934520107,1,45,211010,3,340,2
0.739147730309696,1,45,211010,3,344,2
0.659214062611843,1,45,211010,3,345,2
0.406063595450701,1,45,211010,3,349,2
0.63205719628452,1,45,211010,3,351,2
0.118069004755655,1,45,211012,1,28,2
0.603427904843457,1,45,211012,1,71,2
0.111831760095271,1,45,211012,1,73,2
0.0910913126166805,1,45,211012,1,97,2
0.452532764159977,1,45,211012,1,109,2
0.174070600977041,1,45,211012,1,117,2
0.521780007789785,1,45,211012,1,119,2
-0.0175205193120986,1,45,211012,1,133,2
0.263960551805513,1,45,211012,1,143,2
0.531842526619582,1,45,211012,1,147,2
0.154723533509068,1,45,211012,1,171,2
0.316401816613654,1,45,211012,1,173,2
0.622683373298584,1,45,211012,1,177,2
0.48771307630189,1,45,211012,1,182,2
0.0379121635671649,1,45,211012,1,186,2
-0.481155945688438,1,45,211012,1,189,2
0.0359916212159506,1,45,211012,1,193,2
0.737062422215021,1,45,211012,1,202,2
-0.348992969518098,1,45,211013,2,63,2
0.570569675179575,1,45,211013,2,73,2
0.313571171299099,1,45,211013,2,81,2
0.10154690825756,1,45,211013,2,87,2
-0.307064601051706,1,45,211013,2,105,2
0.105856131990884,1,45,211013,2,141,2
0.100125639624244,1,45,211013,2,143,2
0.0435668488443821,1,45,211013,2,176,2
0.246381790478147,1,45,211013,2,186,2
0.31841447111738,1,45,211013,2,187,2
-0.0752344210500923,1,45,211013,2,190,2
0.272546337021551,1,45,211013,2,192,2
0.145193726154616,1,45,211013,2,204,2
-0.341058153737814,1,45,211013,2,208,2
-0.0566837319669955,1,45,211013,2,214,2
-0.0561301272471963,1,45,211013,2,224,2
-0.169966651619421,1,45,211013,2,228,2
-0.192280229310851,1,45,211013,2,238,2
0.0958422969281595,1,45,211013,2,247,2
0.370628315163158,1,45,211013,2,263,2
0.52801560304285,1,45,211013,2,266,2
0.0605285351994607,1,45,211014,3,6,2
0.168062732125392,1,45,211014,3,86,2
0.00715456898888786,1,45,211014,3,124,2
0.0744236396993141,1,45,211014,3,127,2
0.272704387507974,1,45,211014,3,131,2
0.106140688256021,1,45,211014,3,145,2
-0.252807606302287,1,45,211014,3,168,2
0.33852138832455,1,45,211014,3,176,2
-0.0663960892653024,1,45,211014,3,181,2
0.159229747137254,1,45,211014,3,184,2
0.0792365962586698,1,45,211014,3,190,2
0.0164617956824939,1,45,211014,3,192,2
0.380278517416707,1,45,211014,3,197,2
0.720059948972386,1,45,211014,3,205,2
-0.337273995559607,1,45,211014,3,208,2
-0.0887993077126382,1,45,211014,3,214,2
0.104169634587974,1,45,211014,3,217,2
-0.286848155670181,1,45,211014,3,221,2
-0.406899945184885,1,45,211014,3,228,2
0.512858144228872,1,45,211014,3,229,2
0.178961229339904,1,45,211014,3,230,2
0.111825351484242,1,45,211014,3,235,2
0.22749085724841,1,45,211014,3,236,2
0.323407592284713,1,45,211014,3,237,2
-0.25394728114737,1,45,211014,3,238,2
-0.159985989496228,1,45,211014,3,239,2
0.0977204837201717,1,45,211014,3,245,2
-0.611950334172638,1,46,211017,1,5,2
-0.0290030563540355,1,46,211017,1,7,2
-0.0845617947912455,1,46,211017,1,12,2
0.0718528953746818,1,46,211017,1,15,2
0.051135610908879,1,46,211017,1,20,2
-0.0320518590899887,1,46,211017,1,25,2
-0.115654703976185,1,46,211017,1,36,2
0.217496982747907,1,46,211017,1,45,2
-0.54165311842776,1,46,211017,1,50,2
0.888693840426968,1,46,211017,1,66,2
0.378950617824793,1,46,211017,1,80,2
-0.629365650111539,1,46,211017,1,82,2
-0.00410808750656217,1,46,211017,1,84,2
-0.000216749378921851,1,46,211017,1,85,2
-0.597102936402843,1,46,211017,1,96,2
0.240557668874193,1,46,211017,1,126,2
-0.236737246875959,1,46,211017,1,132,2
0.339302125309647,1,46,211017,1,134,2
0.512331179135747,1,46,211017,1,136,2
0.41924175423615,1,46,211017,1,140,2
-0.152512460861688,1,46,211017,1,148,2
0.501917147912732,1,46,211017,1,150,2
0.355880887534381,1,46,211017,1,168,2
-0.268672081870036,1,46,211017,1,174,2
0.0520044247427686,1,46,211017,1,176,2
-0.298805870287365,1,46,211017,1,178,2
0.0514380690821457,1,46,211017,1,182,2
0.118932573751332,1,46,211017,1,188,2
-0.0372695459001246,1,46,211017,1,194,2
0.650302255260593,1,46,211017,1,196,2
-0.0334086812460103,1,46,211017,1,205,2
0.360629866753652,1,46,211017,1,207,2
0.145205051958815,1,46,211017,1,219,2
0.87540477914123,1,46,211017,1,236,2
6.27008897443743e-05,1,46,211017,1,237,2
0.522486931006354,1,46,211017,1,238,2
0.0187602786599519,1,46,211017,1,266,2
0.453305364872808,1,46,211017,1,277,2
0.7263055135583,1,46,211017,1,289,2
0.0833535330694146,1,46,211017,1,291,2
-0.102191270018721,1,46,211017,1,293,2
0.68019877189001,1,46,211017,1,296,2
0.247168479955253,1,46,211017,1,298,2
0.204198155697387,1,46,211017,1,305,2
-0.109663539723227,1,46,211017,1,307,2
0.669509358192417,1,46,211017,1,310,2
0.260496468879441,1,46,211017,1,311,2
0.330520161114771,1,46,211017,1,315,2
-0.177861939551092,1,46,211017,1,319,2
0.350846518097138,1,46,211018,2,11,2
0.470223543467671,1,46,211018,2,14,2
0.0114562945937828,1,46,211018,2,20,2
0.398323565745887,1,46,211018,2,39,2
0.217438025639897,1,46,211018,2,44,2
0.388401057922399,1,46,211018,2,48,2
0.379479732370749,1,46,211018,2,55,2
0.0416214003192159,1,46,211018,2,63,2
0.248311136926587,1,46,211018,2,71,2
0.216607857201773,1,46,211018,2,73,2
-0.0688397062066111,1,46,211018,2,81,2
0.417094057236304,1,46,211018,2,105,2
0.150823968028492,1,46,211018,2,109,2
-0.215893887394,1,46,211018,2,121,2
-0.068263057453592,1,46,211018,2,132,2
0.272513914934723,1,46,211018,2,142,2
0.354675632106157,1,46,211018,2,144,2
-0.154360109381216,1,46,211018,2,146,2
0.0685540928702496,1,46,211018,2,150,2
0.281728408514737,1,46,211018,2,156,2
0.248542617335576,1,46,211018,2,160,2
0.101773077938488,1,46,211018,2,164,2
0.0557610907463234,1,46,211018,2,172,2
0.531763231354314,1,46,211018,2,178,2
-0.0101377608028356,1,46,211018,2,182,2
0.31786158083124,1,46,211018,2,184,2
0.053670852306163,1,46,211018,2,186,2
0.579934654930107,1,46,211018,2,200,2
0.821561683013152,1,46,211018,2,206,2
0.14598481264006,1,46,211018,2,214,2
-0.056188120010146,1,46,211018,2,228,2
0.0590269286667142,1,46,211018,2,244,2
-0.430739550220002,1,46,211018,2,258,2
0.286983244819877,1,46,211018,2,259,2
-0.676486520200239,1,46,211018,2,274,2
0.0126068154308043,1,46,211018,2,275,2
0.478443146272192,1,46,211018,2,278,2
0.466112491763966,1,46,211018,2,279,2
0.790310624263619,1,46,211018,2,280,2
0.133179536185144,1,46,211018,2,282,2
-0.54453292053296,1,46,211018,2,286,2
0.965441741483633,1,46,211018,2,287,2
0.71497541059086,1,46,211018,2,291,2
0.252895365494383,1,46,211019,3,99,2
-0.464499830318266,1,46,211019,3,192,2
-0.802236246525027,1,46,211019,3,202,2
0.848764656451793,1,46,211019,3,216,2
0.263154692607368,1,46,211019,3,249,2
-0.0576070036966651,1,46,211019,3,259,2
-0.119106273623912,1,46,211019,3,261,2
0.117787429213437,1,46,211019,3,295,2
0.628379031393136,1,46,211019,3,311,2
-0.472056396377645,1,46,211019,3,315,2
0.0613429026972853,1,46,211019,3,319,2
0.75053501458189,1,46,211019,3,332,2
0.145187237079707,1,46,211019,3,342,2
0.195484470477697,1,46,211019,3,348,2
0.108423872448828,1,46,211019,3,374,2
-0.802329079653209,1,46,211019,3,388,2
-0.542171179326895,1,46,211019,3,406,2
-0.668176646310875,1,46,211019,3,409,2
0.0191279472118493,1,46,211019,3,419,2
0.276208123526393,1,46,211019,3,427,2
-0.0386416705204798,1,46,211019,3,441,2
0.151143753348721,1,46,211019,3,456,2
0.0130248993205943,1,46,211019,3,476,2
0.134637061085101,1,46,211019,3,503,2
-0.0451686885358457,1,46,211019,3,526,2
0.237174536629943,1,46,211019,3,528,2
-0.00530191561525534,1,46,211019,3,554,2
-0.54785775545339,1,46,211020,1,0,2
-0.062427114648491,1,46,211020,1,4,2
-0.192962041272991,1,46,211020,1,37,2
0.0645338178385995,1,46,211020,1,51,2
0.0918508642123562,1,46,211020,1,62,2
0.455520719917017,1,46,211020,1,83,2
-0.399420314939203,1,46,211020,1,104,2
-0.381290735148084,1,46,211020,1,108,2
0.0578207945392154,1,46,211020,1,110,2
0.612534072625669,1,46,211020,1,112,2
-0.0481034762950028,1,46,211020,1,114,2
-0.696789835360212,1,46,211020,1,119,2
-0.80578519795558,1,46,211020,1,125,2
0.986443941533864,1,46,211020,1,135,2
0.234030013402064,1,46,211020,1,139,2
0.203401822971368,1,46,211020,1,141,2
-0.172559181443721,1,46,211020,1,153,2
-0.0226817714407446,1,46,211020,1,157,2
-0.26061198262281,1,46,211020,1,158,2
0.276242680234687,1,46,211020,1,159,2
0.0284387461482982,1,46,211020,1,160,2
0.364935048443985,1,46,211021,2,2,2
0.558586770919256,1,46,211021,2,11,2
-0.490379878323018,1,46,211021,2,14,2
0.10924002669695,1,46,211021,2,20,2
0.180333759568008,1,46,211021,2,22,2
0.0801183232621168,1,46,211021,2,27,2
-0.22371422368784,1,46,211021,2,29,2
-0.586651565904627,1,46,211021,2,30,2
0.740742003392328,1,46,211021,2,32,2
0.895695599959212,1,46,211021,2,39,2
-0.40373800086564,1,46,211021,2,64,2
0.0605073079096357,1,46,211021,2,68,2
0.383900797210007,1,46,211021,2,71,2
-0.312121034915729,1,46,211021,2,73,2
-0.521384901440431,1,46,211021,2,77,2
0.0277461843989557,1,46,211021,2,97,2
-0.325971483031862,1,46,211021,2,99,2
-0.364184505340706,1,46,211021,2,109,2
0.313184041081069,1,46,211021,2,113,2
0.419956816697159,1,46,211021,2,133,2
-0.672652200769232,1,46,211021,2,142,2
0.593311128840495,1,46,211021,2,149,2
0.787616303212646,1,46,211021,2,151,2
0.302751949074671,1,46,211021,2,160,2
0.46409769884183,1,46,211021,2,166,2
0.708057935427788,1,46,211021,2,168,2
-0.141417069326067,1,46,211022,3,7,2
-0.0247300275379079,1,46,211022,3,40,2
-0.200458544336167,1,46,211022,3,54,2
0.191586913308271,1,46,211022,3,56,2
0.40238592764401,1,46,211022,3,63,2
0.317134545576504,1,46,211022,3,74,2
0.310898150425339,1,46,211022,3,82,2
0.209343769423227,1,46,211022,3,85,2
-0.263965664179357,1,46,211022,3,97,2
0.374053279355055,1,46,211022,3,108,2
-0.235866680746722,1,46,211022,3,114,2
0.331189358184587,1,46,211022,3,118,2
-0.215675521904565,1,46,211022,3,120,2
0.231993837218665,1,46,211022,3,124,2
0.00118858691426216,1,46,211022,3,149,2
0.841472044305125,1,46,211022,3,152,2
0.433270498333829,1,46,211022,3,358,2
0.0288524222531734,1,46,211022,3,382,2
-0.140228489351797,1,46,211022,3,415,2
-0.193524538101357,1,46,211022,3,459,2
0.137235612371347,1,46,211022,3,547,2
0.0424241127622462,1,46,211022,3,557,2
0.062913534241936,1,46,211022,3,579,2
-0.126208282280706,1,46,211022,3,646,2
-0.179617233809624,1,46,211022,3,675,2
-0.41782007309139,1,46,211022,3,677,2
0.346633160623494,1,46,211022,3,693,2
0.121598009059932,1,46,211022,3,695,2
0.0611781457085488,1,46,211022,3,705,2
0.907695562165339,1,46,211022,3,708,2
0.274114267591593,1,46,211022,3,724,2
0.222260439585248,1,46,211022,3,733,2
0.10593431175833,1,46,211022,3,735,2
-0.0909006204208958,1,46,211022,3,749,2
-0.172758889971027,1,46,211022,3,754,2
-0.00626863229887742,1,46,211022,3,760,2
0.204488814195328,1,46,211022,3,778,2
0.769822803360343,1,46,211022,3,786,2
0.296627991697179,1,46,211022,3,883,2
-0.112745258873376,1,46,211022,3,891,2
0.198397286094062,1,46,211022,3,902,2
0.472874491436072,1,46,211022,3,910,2
0.0348393004521577,1,46,211022,3,953,2
0.34815005513923,1,46,211022,3,1003,2
-0.397307739456953,1,46,211022,3,1007,2
-0.474267961245551,1,46,211022,3,1014,2
0.508405113820652,1,46,211022,3,1018,2
0.518484239522235,1,46,211022,3,1058,2
-0.501397407178853,1,46,211022,3,1087,2
0.635443906369782,1,46,211022,3,1089,2
-0.096356517864908,1,46,211022,3,1092,2
0.249833394823184,1,46,211022,3,1095,2
0.125746561374225,1,46,211022,3,1109,2
-0.223794444179089,1,46,211022,3,1128,2
0.209094295543048,1,46,211022,3,1137,2
-0.411854267512385,1,46,211022,3,1150,2
0.142357715041277,1,46,211022,3,1153,2
0.312789056928437,1,46,211022,3,1166,2
0.0122982579925787,1,46,211022,3,1176,2
0.417504563152103,1,46,211022,3,1177,2
-0.225910218834582,1,46,211022,3,1179,2
0.10815922078962,1,46,211022,3,1182,2
0.258489679636475,1,46,211022,3,1183,2
0.549070434593854,1,46,211022,3,1184,2
-0.300795465219093,1,46,211022,3,1186,2
0.847620559645506,1,46,211022,3,1187,2
0.248640180796024,1,46,211022,3,1188,2
0.638415296915833,1,46,211022,3,1189,2
0.0367860123224765,1,46,211022,3,1190,2
-0.0638539931237902,1,46,211022,3,1191,2
0.876632951862136,1,47,211017,1,31,2
0.692836359523388,1,47,211017,1,103,2
0.787059730646236,1,47,211017,1,136,2
0.800868501522161,1,47,211017,1,140,2
0.661116779798626,1,47,211017,1,154,2
0.389710486878276,1,47,211017,1,170,2
0.0257572749914889,1,47,211017,1,172,2
0.259659217509861,1,47,211017,1,188,2
0.448589720329315,1,47,211017,1,194,2
0.30269451021527,1,47,211017,1,198,2
0.204090316990453,1,47,211017,1,204,2
-0.0130769421851222,1,47,211017,1,206,2
0.627069352788985,1,47,211017,1,215,2
0.222180621964728,1,47,211017,1,217,2
0.682142466621933,1,47,211017,1,221,2
0.414337502966617,1,47,211017,1,223,2
0.530085797960933,1,47,211017,1,231,2
0.935931094746944,1,47,211017,1,241,2
0.522595284040531,1,47,211017,1,243,2
0.157431958112595,1,47,211017,1,247,2
0.522044685636285,1,47,211017,1,251,2
0.254974723067778,1,47,211017,1,265,2
0.338625384382819,1,47,211017,1,267,2
0.398689772919258,1,47,211017,1,283,2
0.244450728146367,1,47,211017,1,289,2
0.448745305599296,1,47,211017,1,296,2
0.705557239926212,1,47,211017,1,306,2
0.902401028778812,1,47,211017,1,311,2
0.155316821719418,1,47,211017,1,317,2
0.61734748972366,1,47,211017,1,349,2
0.06022952084363,1,47,211018,2,15,2
-0.233380087131826,1,47,211018,2,46,2
0.354496192524,1,47,211018,2,67,2
0.066899091537357,1,47,211018,2,68,2
-0.816240469322864,1,47,211018,2,71,2
0.0802807955751391,1,47,211018,2,77,2
0.0650918877856438,1,47,211018,2,122,2
0.0727519743042033,1,47,211018,2,132,2
0.564463004577724,1,47,211018,2,136,2
0.349644303590542,1,47,211018,2,138,2
0.242472917971084,1,47,211018,2,144,2
0.439830564844055,1,47,211018,2,150,2
0.338836932489091,1,47,211018,2,154,2
0.460735139583478,1,47,211018,2,156,2
0.283253355282807,1,47,211018,2,162,2
0.205859837923249,1,47,211018,2,166,2
0.307201867437513,1,47,211018,2,171,2
0.698701600804768,1,47,211018,2,175,2
-0.303602221546278,1,47,211018,2,178,2
-0.108332720140758,1,47,211018,2,186,2
0.187808906199577,1,47,211018,2,190,2
0.593671234638924,1,47,211018,2,194,2
-0.0308693497940407,1,47,211018,2,204,2
0.205561046666656,1,47,211018,2,208,2
0.185267707855261,1,47,211018,2,216,2
0.0394820442992879,1,47,211018,2,219,2
0.379167266884824,1,47,211018,2,228,2
0.108323644829842,1,47,211018,2,229,2
0.531425135441802,1,47,211018,2,231,2
0.79368335082987,1,47,211018,2,232,2
-0.143676801328608,1,47,211018,2,244,2
0.419858853090536,1,47,211018,2,245,2
0.738598819027092,1,47,211018,2,246,2
-0.107019280817131,1,47,211019,3,31,2
0.253682545559955,1,47,211019,3,40,2
0.8409752212942,1,47,211019,3,90,2
0.211720482877692,1,47,211019,3,113,2
0.276398217585559,1,47,211019,3,119,2
-0.221545168426544,1,47,211019,3,175,2
0.382124101234066,1,47,211019,3,185,2
-0.488652633150135,1,47,211019,3,210,2
-0.119294252884125,1,47,211019,3,222,2
0.223159394241234,1,47,211019,3,228,2
0.11911280446485,1,47,211019,3,232,2
0.645768005353622,1,47,211019,3,242,2
0.888330987542361,1,47,211019,3,251,2
-0.0348281515594448,1,47,211019,3,261,2
0.0250562583210249,1,47,211019,3,274,2
-0.467208592306955,1,47,211019,3,276,2
-0.34054564806523,1,47,211019,3,283,2
0.133879311550117,1,47,211019,3,287,2
0.01385033627686,1,47,211019,3,290,2
0.0247187870851387,1,47,211020,1,22,2
-0.19325943142381,1,47,211020,1,38,2
0.780779717661123,1,47,211020,1,46,2
0.708410859552893,1,47,211020,1,50,2
0.216480561967031,1,47,211020,1,61,2
0.145039434277234,1,47,211020,1,89,2
0.530062913777016,1,47,211020,1,147,2
-0.475065199478734,1,47,211020,1,151,2
-0.149171940115611,1,47,211020,1,169,2
-0.527769587808015,1,47,211020,1,175,2
0.0269662817621514,1,47,211020,1,177,2
0.239283759841606,1,47,211020,1,234,2
0.421456689703098,1,47,211020,1,236,2
0.189604409479338,1,47,211020,1,242,2
0.161871759361193,1,47,211020,1,246,2
-0.0693175590986254,1,47,211020,1,261,2
0.0417305925310155,1,47,211020,1,270,2
-0.0896720778425625,1,47,211020,1,275,2
0.1218000405465,1,47,211020,1,276,2
0.294196788885231,1,47,211020,1,277,2
-0.0493336007727191,1,47,211020,1,281,2
0.328440002204769,1,47,211020,1,284,2
0.155494764251681,1,47,211020,1,286,2
0.313742826288432,1,47,211020,1,287,2
0.101560102681454,1,47,211020,1,288,2
0.146890918349131,1,47,211021,2,8,2
0.457985509733887,1,47,211021,2,13,2
-0.0157724402584462,1,47,211021,2,19,2
0.647820074912627,1,47,211021,2,24,2
-0.0987767818612397,1,47,211021,2,58,2
0.415159609309923,1,47,211021,2,65,2
0.506898318871705,1,47,211021,2,74,2
0.443205720930771,1,47,211021,2,80,2
0.506805358031201,1,47,211021,2,81,2
0.302484721196257,1,47,211021,2,87,2
0.224805056157426,1,47,211021,2,134,2
0.383983468506125,1,47,211021,2,138,2
0.567513742760626,1,47,211021,2,148,2
0.895748467934919,1,47,211021,2,154,2
0.332134968390255,1,47,211021,2,172,2
0.369289947510141,1,47,211021,2,176,2
0.894311448344755,1,47,211021,2,184,2
0.774520251608536,1,47,211021,2,192,2
0.707347557744671,1,47,211021,2,200,2
0.403268692770223,1,47,211021,2,202,2
0.884661187485778,1,47,211021,2,204,2
0.177673341163394,1,47,211021,2,232,2
0.660589504975391,1,47,211021,2,234,2
0.476112181158529,1,47,211021,2,252,2
0.306712304410976,1,47,211021,2,258,2
0.0589589470836421,1,47,211021,2,270,2
0.520728671225466,1,47,211021,2,273,2
0.484861082113813,1,47,211021,2,277,2
-0.476837613206889,1,47,211021,2,286,2
0.493613563183946,1,47,211021,2,295,2
-0.0367131467054626,1,47,211021,2,297,2
-0.0111608370550592,1,47,211021,2,303,2
0.108532145432684,1,47,211021,2,305,2
0.767284541421319,1,47,211021,2,308,2
0.76903439577216,1,47,211021,2,322,2
0.31907763501515,1,47,211021,2,325,2
0.565515307058456,1,47,211021,2,332,2
-0.202047274126783,1,47,211022,3,10,2
-0.252970938297348,1,47,211022,3,22,2
0.239979076001001,1,47,211022,3,57,2
-0.206450166480428,1,47,211022,3,58,2
0.540181624965174,1,47,211022,3,62,2
0.267463805485861,1,47,211022,3,63,2
0.262416348011795,1,47,211022,3,68,2
-0.437264791191678,1,47,211022,3,85,2
0.0291389978987573,1,47,211022,3,89,2
-0.168344014166606,1,47,211022,3,91,2
-0.371904176877786,1,47,211022,3,94,2
0.421325334461819,1,47,211022,3,95,2
0.655241561205874,1,47,211022,3,115,2
0.612154711064521,1,47,211022,3,129,2
-0.0113653480007982,1,47,211022,3,133,2
0.47981100321529,1,47,211022,3,139,2
-0.193826242117015,1,47,211022,3,145,2
0.43503926110502,1,47,211022,3,154,2
-0.0251111939211148,1,47,211022,3,166,2
0.0966290621064934,1,47,211022,3,176,2
0.0822729758749173,1,47,211022,3,184,2
0.434317622422855,1,47,211022,3,188,2
0.225577694084723,1,47,211022,3,192,2
0.295926291738644,1,47,211022,3,196,2
0.0609230247248613,1,47,211022,3,200,2
0.340485602191863,1,47,211022,3,206,2
-0.0241223575488893,1,47,211022,3,216,2
-0.0575134018409306,1,47,211022,3,227,2
0.446369750989624,1,47,211022,3,231,2
0.175912956401587,1,47,211022,3,237,2
-0.0878349707391651,1,47,211022,3,251,2
-0.0260499867453939,1,47,211022,3,252,2
-0.336985160337239,0,11,200131,2,14,2
0.480507153925113,0,11,200131,2,29,2
0.0805622245643443,0,11,200131,2,41,2
0.00695610886313674,0,11,200201,3,41,2
-0.0610684873315788,0,11,200201,3,63,2
0.237537498601287,0,11,200201,3,144,2
0.934485020559837,0,11,200201,3,150,2
-0.030039740123417,0,11,200201,3,156,2
0.238642540769658,0,11,200201,3,197,2
0.476702041368752,0,11,200201,3,205,2
0.204239375086151,0,11,200201,3,224,2
-0.211195415686585,0,11,200201,3,270,2
-0.27695132952668,0,11,200201,3,330,2
-0.0725099691879558,0,11,200201,3,345,2
0.620735783276404,0,11,200201,3,391,2
0.317148585133996,0,11,200201,3,423,2
-0.0148053145461582,0,11,200201,3,437,2
-0.0123104654863767,0,11,200201,3,453,2
-0.0158823550595151,0,11,200201,3,458,2
0.0230857972223423,0,11,200201,3,471,2
-0.00475579475089729,0,11,200201,3,495,2
-0.265229708524252,0,11,200201,3,505,2
-0.471646554277639,0,11,200201,3,539,2
-0.00656580598695766,0,11,200201,3,545,2
0.61991537840022,0,11,200201,3,565,2
0.410362469537502,0,11,200201,3,568,2
0.110401427709762,0,11,200201,3,571,2
0.805196761916934,0,11,200201,3,572,2
-0.14581461627422,0,11,200201,3,576,2
0.00859469064445836,0,11,200201,3,580,2
-0.130064031383023,0,11,200201,3,582,2
-0.194771013236718,0,11,200201,3,583,2
0.665028185506737,0,11,200201,3,585,2
-0.116248293320447,0,11,200201,3,587,2
0.326249289326612,0,11,200201,3,593,2
0.120525998509744,0,11,200201,3,604,2
0.529466868643862,0,11,200203,1,30,2
0.0452171681518941,0,11,200203,1,43,2
0.50406406689366,0,11,200203,1,53,2
0.529542546068866,0,11,200203,1,55,2
0.183395576501616,0,11,200203,1,142,2
-0.268721287766877,0,11,200203,1,152,2
-0.152970359743491,0,11,200203,1,181,2
0.0596245158482964,0,11,200203,1,249,2
-0.691494906611186,0,11,200203,1,288,2
0.276090558686681,0,11,200203,1,334,2
0.0346292545969832,0,11,200203,1,368,2
-0.282809775533584,0,11,200203,1,419,2
0.647786139134983,0,11,200203,1,420,2
0.109030727113135,0,11,200203,1,441,2
-0.0672954504590615,0,11,200203,1,450,2
0.333428706706853,0,11,200203,1,457,2
0.314520093782814,0,11,200203,1,461,2
-0.120488790732512,0,11,200203,1,465,2
-0.30842398914005,0,11,200203,1,468,2
0.573178240819723,0,11,200204,2,3,2
-0.136403416510647,0,11,200204,2,4,2
0.232457745131905,0,11,200204,2,28,2
0.240170983767292,0,11,200204,2,39,2
-0.178521393333242,0,11,200204,2,87,2
0.148749234578116,0,11,200204,2,98,2
0.43743927057707,0,11,200204,2,110,2
-0.242739245109781,0,11,200204,2,163,2
0.138162970806175,0,11,200204,2,195,2
0.780059791312101,0,11,200204,2,199,2
0.833083291092639,0,11,200204,2,205,2
0.946773551954032,0,11,200204,2,225,2
-0.196899637718076,0,11,200204,2,233,2
0.0510128495566031,0,11,200204,2,245,2
-0.365240070921785,0,11,200204,2,250,2
0.836202096959954,0,11,200204,2,251,2
-0.110654311287533,0,11,200204,2,252,2
0.76551781228082,0,11,200204,2,253,2
0.371748696496499,0,11,200204,2,262,2
0.371949346764171,0,11,200204,2,266,2
0.194893687460731,0,11,200204,2,273,2
0.999639966970604,0,11,200204,2,279,2
0.0496681595410441,0,11,200204,2,282,2
-0.220623783286373,0,11,200205,3,0,2
0.670014126046224,0,11,200205,3,1,2
-0.114222977593074,0,11,200205,3,6,2
0.317441163119627,0,11,200205,3,21,2
0.541265042643603,0,11,200205,3,64,2
0.471468396816093,0,11,200205,3,74,2
0.213785788976135,0,11,200205,3,103,2
-0.0809458249939231,0,11,200205,3,115,2
0.0803543895737109,0,11,200205,3,116,2
-0.303749314196222,0,11,200205,3,118,2
-0.0797095265543325,0,11,200205,3,121,2
0.227588358677176,0,11,200205,3,146,2
0.0354062111265399,0,11,200205,3,168,2
0.603905302335016,0,11,200205,3,178,2
0.226524078558041,0,11,200205,3,238,2
0.512414100807704,0,11,200205,3,244,2
0.670711613686729,0,11,200205,3,275,2
-0.407406104197646,0,11,200205,3,306,2
0.00840715458445335,0,11,200205,3,352,2
-0.233868885451382,0,11,200205,3,407,2
-0.285447913830071,0,11,200205,3,419,2
-0.715282004343428,0,11,200205,3,423,2
0.249345697907614,0,11,200205,3,448,2
-0.100959140590235,0,11,200205,3,456,2
0.385680176880606,0,11,200205,3,460,2
0.185991270331595,0,11,200205,3,462,2
-0.0358559030969676,0,11,200205,3,496,2
-0.116978880827666,0,11,200205,3,500,2
-0.26145402458139,0,11,200205,3,538,2
0.0377891765598409,0,11,200205,3,541,2
0.174027133090089,0,11,200205,3,542,2
0.237742790836391,0,11,200205,3,547,2
0.277367010676213,0,11,200205,3,548,2
-0.21877778408051,0,11,200205,3,549,2
0.39790571486421,0,11,200205,3,559,2
0.0829405076604195,0,11,200205,3,572,2
0.34849680886584,0,18,200814,1,217,2
-0.0799290054065258,0,18,200815,2,17,2
0.0204310006454539,0,18,200815,2,29,2
0.0623145262382756,0,18,200815,2,99,2
0.0174908692114664,0,18,200815,2,142,2
-0.125005913283815,0,18,200815,2,152,2
0.393765442251308,0,18,200815,2,178,2
0.618893101710044,0,18,200815,2,188,2
0.234790348931254,0,18,200815,2,190,2
0.431638026312383,0,18,200815,2,222,2
-0.294978188401037,0,18,200815,2,286,2
-0.0369859319000393,0,18,200815,2,292,2
-0.0951571057117354,0,18,200815,2,297,2
-0.0464643659856241,0,18,200815,2,300,2
0.272477181163646,0,18,200815,2,322,2
-0.0832004442196015,0,18,200815,2,336,2
-0.192332751972129,0,18,200815,2,338,2
0.0248487351310543,0,18,200816,3,4,2
-0.206955323374799,0,18,200816,3,31,2
0.0121634264398774,0,18,200816,3,32,2
0.794246623333489,0,18,200816,3,47,2
0.369884126232516,0,18,200816,3,53,2
-0.495262941722741,0,18,200816,3,61,2
0.531574007688288,0,18,200816,3,66,2
0.908133528309768,0,18,200816,3,93,2
0.896261505813835,0,18,200816,3,249,2
0.123368060825944,0,18,200816,3,291,2
0.155259663795283,0,18,200816,3,295,2
-0.168024473393254,0,18,200816,3,311,2
0.00673671119410096,0,18,200816,3,323,2
-0.109368719234494,0,18,200816,3,335,2
-0.144920521682295,0,18,200816,3,351,2
-0.0198863537757611,0,18,200816,3,411,2
0.931848708027235,0,18,200816,3,462,2
0.903250483657559,0,18,200816,3,464,2
0.676140683596246,0,18,200816,3,565,2
-0.0833285082147008,0,18,200816,3,574,2
0.852175689822795,0,18,200816,3,578,2
0.198514956246987,0,18,200816,3,584,2
-0.433200939237344,0,18,200816,3,586,2
-0.12819111051024,0,18,200816,3,592,2
0.335473489321171,0,18,200816,3,598,2
0.227542268095307,0,18,200816,3,605,2
-0.095643804844343,0,18,200816,3,610,2
-0.295927092303322,0,18,200816,3,611,2
-0.257709430251219,0,18,200816,3,615,2
0.322652893013275,0,18,200816,3,616,2
-0.602705835411094,0,18,200816,3,617,2
0.198185333162042,0,18,200816,3,619,2
-0.00277961414060562,0,18,200816,3,622,2
0.996252003897809,0,18,200816,3,623,2
-0.408680295524351,0,18,200818,1,122,2
0.321194959612756,0,18,200818,1,178,2
-0.298506930358104,0,18,200818,1,233,2
0.138183983729434,0,18,200818,1,425,2
0.254062257727084,0,18,200818,1,429,2
0.143959268621219,0,18,200818,1,433,2
-0.322896357623784,0,18,200818,1,485,2
-0.589904277568788,0,18,200818,1,497,2
0.87439313330024,0,18,200818,1,509,2
-0.380790676799312,0,18,200818,1,538,2
0.310385433390664,0,18,200818,1,568,2
0.19900366724366,0,18,200818,1,594,2
0.203718568218698,0,18,200818,1,634,2
0.213183961313037,0,18,200818,1,650,2
-0.116749634920634,0,18,200818,1,686,2
-0.104528200862194,0,18,200818,1,689,2
-0.0616219625728112,0,18,200818,1,695,2
0.873337803079707,0,18,200818,1,705,2
0.378614005756875,0,18,200818,1,710,2
0.148540611456496,0,18,200818,1,713,2
-0.529800937087883,0,18,200818,1,721,2
-0.0493203233343283,0,18,200818,1,723,2
0.288310204260294,0,18,200818,1,725,2
0.00747757838050706,0,18,200818,1,731,2
0.49415158867382,0,18,200819,2,2,2
0.465577795253817,0,18,200819,2,18,2
-0.381282933329343,0,18,200819,2,48,2
0.530720578320887,0,18,200819,2,59,2
0.528065086569599,0,18,200819,2,60,2
0.240807057294766,0,18,200819,2,63,2
0.0556833711916159,0,18,200819,2,127,2
0.0979583451343346,0,18,200819,2,130,2
0.335143963605487,0,18,200819,2,201,2
0.587181046323069,0,18,200819,2,233,2
0.141319473377497,0,18,200819,2,243,2
0.674691203117174,0,18,200819,2,247,2
-0.0458876324166934,0,18,200819,2,252,2
0.43436887191273,0,18,200819,2,281,2
0.612030486056477,0,18,200819,2,283,2
0.862641865008685,0,18,200819,2,289,2
0.83159294606205,0,18,200819,2,291,2
-0.336624908703611,0,18,200819,2,295,2
0.188324226174532,0,18,200819,2,301,2
0.889558055605315,0,18,200819,2,303,2
-0.208301200420283,0,18,200819,2,313,2
-0.132519287804286,0,18,200819,2,315,2
0.830340182070755,0,18,200819,2,319,2
0.319310932040982,0,18,200819,2,345,2
-0.456463406017443,0,18,200819,2,396,2
-0.151766185123062,0,18,200819,2,408,2
0.325636389834118,0,18,200819,2,421,2
-0.3203809948533,0,18,200819,2,436,2
0.909052196587816,0,18,200819,2,489,2
0.176917145933015,0,18,200819,2,496,2
0.218521602436316,0,18,200819,2,502,2
0.234365032775247,0,18,200819,2,504,2
-0.733446000453834,0,18,200819,2,526,2
-0.375320592193653,0,18,200819,2,528,2
-0.256738886329925,0,18,200819,2,537,2
0.112606954005339,0,18,200819,2,541,2
0.0256035136672689,0,18,200819,2,544,2
0.563795561959606,0,18,200819,2,558,2
0.68180463793741,0,18,200819,2,560,2
0.396854137691452,0,18,200819,2,568,2
-0.0255598112385443,0,18,200819,2,580,2
0.97034106010685,0,18,200819,2,581,2
0.331758878604265,0,18,200819,2,586,2
0.131312587978719,0,18,200820,3,0,2
0.761793780779108,0,18,200820,3,2,2
-0.356311150592823,0,18,200820,3,6,2
0.482228035424755,0,18,200820,3,14,2
-0.0150620008612403,0,18,200820,3,31,2
0.318590518082895,0,18,200820,3,56,2
0.195162546467472,0,18,200820,3,58,2
0.141522106601109,0,18,200820,3,59,2
0.524017596533639,0,18,200820,3,62,2
0.855397005436099,0,18,200820,3,64,2
0.102651323469934,0,18,200820,3,68,2
-0.0827603488521915,0,18,200820,3,72,2
-0.0163961732874659,0,18,200820,3,73,2
-0.010799137262312,0,18,200820,3,74,2
-0.484649485121564,0,18,200820,3,91,2
0.037102318861547,0,18,200820,3,95,2
0.818543549616495,0,18,200820,3,116,2
0.325066140653551,0,18,200820,3,134,2
0.366759494630743,0,18,200820,3,142,2
0.28632705277438,0,18,200820,3,152,2
0.720120682222446,0,18,200820,3,157,2
0.803287221661646,0,18,200820,3,165,2
-0.0164486515714871,0,18,200820,3,189,2
0.192725771219623,0,18,200820,3,267,2
0.00503731218565073,0,18,200820,3,284,2
-0.0334500610646148,0,18,200820,3,288,2
0.285321769938338,0,18,200820,3,296,2
0.16176606253749,0,18,200820,3,307,2
0.0992726368321815,0,18,200820,3,327,2
0.395843798904018,0,18,200820,3,335,2
0.460359802692467,0,18,200820,3,341,2
0.862976311978577,0,18,200820,3,347,2
-0.214297174492455,0,18,200820,3,351,2
-0.64460714876818,0,18,200820,3,377,2
-0.312622435672748,0,18,200820,3,407,2
0.737234907275999,0,18,200820,3,419,2
0.0807861921555959,0,18,200820,3,427,2
-0.0323818199570444,0,18,200820,3,433,2
0.585428585329769,0,18,200820,3,490,2
0.128153647353155,0,18,200820,3,492,2
-0.277992387377079,0,18,200820,3,497,2
0.3265481368887,0,18,200820,3,530,2
0.543277930617347,0,18,200820,3,531,2
0.190332576992773,0,18,200820,3,534,2
-0.156763261557722,0,18,200820,3,537,2
0.863119646868662,0,18,200820,3,538,2
-0.313255176454543,0,18,200820,3,539,2
0.381987194692306,0,18,200820,3,548,2
0.733539279071912,0,18,200820,3,553,2
0.544564346520972,0,18,200820,3,554,2
-0.12620850334997,0,18,200820,3,557,2
0.532080358301045,0,18,200820,3,585,2
-0.326270069264416,0,21,201010,1,29,2
-0.297751741218513,0,21,201010,1,104,2
-0.25624258522997,0,21,201010,1,126,2
-0.405568272465095,0,21,201010,1,137,2
0.229645346394806,0,21,201010,1,141,2
0.405178022579484,0,21,201010,1,149,2
0.30670349025726,0,21,201010,1,154,2
-0.336002148327422,0,21,201010,1,170,2
-0.00589214510638048,0,21,201010,1,172,2
-0.104480488990573,0,21,201010,1,179,2
-0.271485881443086,0,21,201010,1,189,2
0.104768479085165,0,21,201010,1,191,2
0.76207755159165,0,21,201010,1,193,2
0.681657582742091,0,21,201010,1,201,2
0.0470694645095576,0,21,201010,1,205,2
-0.0613521744401918,0,21,201010,1,209,2
0.924021966759471,0,21,201010,1,233,2
0.532029767078667,0,21,201010,1,272,2
0.110689122763942,0,21,201010,1,275,2
-0.382656132477186,0,21,201010,1,287,2
-0.547346863641261,0,21,201010,1,289,2
0.452075870469428,0,21,201010,1,293,2
0.848968937391864,0,21,201010,1,302,2
0.334070629749458,0,21,201010,1,311,2
0.405857795641221,0,21,201011,2,11,2
-0.357213625383141,0,21,201011,2,178,2
0.357350825324974,0,21,201011,2,242,2
-0.0922989891175364,0,21,201011,2,246,2
0.575226341128254,0,21,201011,2,263,2
0.192220166998795,0,21,201011,2,267,2
-0.0578081450700572,0,21,201011,2,279,2
0.646864825566044,0,21,201011,2,384,2
-0.0594965526247781,0,21,201011,2,428,2
0.0909011534810031,0,21,201011,2,438,2
-0.115690779577705,0,21,201011,2,440,2
-0.381848109120513,0,21,201011,2,452,2
-0.0361513940461181,0,21,201011,2,460,2
0.19764050817502,0,21,201011,2,468,2
-0.193826137474545,0,21,201011,2,474,2
0.657463495865107,0,21,201011,2,484,2
0.362654550929976,0,21,201011,2,498,2
0.0896433652656994,0,21,201011,2,502,2
-0.0138729206766833,0,21,201011,2,517,2
0.346274912345184,0,21,201011,2,532,2
0.0293952984813908,0,21,201011,2,536,2
0.245778298023296,0,21,201012,3,1,2
0.543777914973364,0,21,201012,3,5,2
-0.0682732671660409,0,21,201012,3,16,2
-0.107656471330233,0,21,201012,3,34,2
0.0701508056749574,0,21,201012,3,36,2
0.940465078619985,0,21,201012,3,39,2
0.559024952797912,0,21,201012,3,102,2
0.536380934630652,0,21,201012,3,130,2
0.488709770649532,0,21,201012,3,136,2
0.0488947571674322,0,21,201012,3,142,2
0.286641104277092,0,21,201012,3,146,2
0.204945158177778,0,21,201012,3,156,2
0.25936761625576,0,21,201012,3,158,2
0.279192396444656,0,21,201012,3,166,2
0.0983467668225125,0,21,201012,3,170,2
-0.268258260577358,0,21,201012,3,182,2
0.0337462394271237,0,21,201012,3,184,2
0.137325818661462,0,21,201012,3,188,2
0.377645005570695,0,21,201012,3,192,2
-0.0694339514662423,0,21,201012,3,245,2
0.534514738315212,0,21,201012,3,256,2
0.273731645373422,0,21,201012,3,263,2
-0.0657930594984539,0,21,201012,3,267,2
0.061565930230271,0,21,201012,3,268,2
0.405654652747784,0,21,201012,3,271,2
0.573908853971343,0,21,201012,3,272,2
0.861757686962803,0,21,201014,1,72,2
-0.076259248243967,0,21,201014,1,119,2
0.15588956919717,0,21,201014,1,138,2
0.000494321314554513,0,21,201014,1,155,2
-0.136050677902256,0,21,201014,1,172,2
0.119330865689153,0,21,201014,1,195,2
0.0595234418281419,0,21,201014,1,252,2
-0.0688056999147696,0,21,201014,1,254,2
-0.156969605939283,0,21,201014,1,262,2
0.509992370925787,0,21,201014,1,270,2
0.379437091597883,0,21,201014,1,284,2
0.382343194332492,0,21,201014,1,291,2
0.281036857918695,0,21,201014,1,315,2
0.743726680913725,0,21,201014,1,326,2
0.394206645485657,0,21,201014,1,332,2
0.454675331788223,0,21,201014,1,337,2
0.188205019295065,0,21,201014,1,347,2
0.2000576133353,0,21,201014,1,370,2
-0.0761364758677719,0,21,201014,1,378,2
0.432072881124893,0,21,201014,1,390,2
-0.0498720750781812,0,21,201014,1,398,2
0.315798182306444,0,21,201014,1,406,2
0.625587381506094,0,21,201014,1,421,2
0.377526554314443,0,21,201014,1,438,2
0.302398755056257,0,21,201014,1,443,2
0.487950358192111,0,21,201014,1,451,2
0.230448713833451,0,21,201014,1,467,2
0.996626626129561,0,21,201014,1,504,2
0.240897160609811,0,21,201014,1,615,2
-0.332391381103233,0,21,201014,1,636,2
0.446217416049708,0,21,201014,1,645,2
0.100495248470602,0,21,201014,1,647,2
0.240582021918417,0,21,201014,1,665,2
-0.0569320275546448,0,21,201014,1,668,2
-0.365389759319847,0,21,201014,1,676,2
0.336983192111351,0,21,201014,1,682,2
-0.363726228260894,0,21,201014,1,686,2
-0.399207340227167,0,21,201014,1,713,2
0.734627069700168,0,21,201014,1,735,2
0.322582225912459,0,21,201014,1,739,2
-0.713388410251499,0,21,201015,2,19,2
0.230131363668201,0,21,201015,2,21,2
0.536185308615134,0,21,201015,2,31,2
0.170486931131824,0,21,201015,2,105,2
0.936501705993979,0,21,201015,2,111,2
0.370727556099732,0,21,201015,2,150,2
0.343927127506695,0,21,201015,2,186,2
0.937731008774646,0,21,201015,2,198,2
-0.206475744606737,0,21,201015,2,204,2
0.326143913003464,0,21,201015,2,214,2
0.13819309539664,0,21,201015,2,216,2
0.750555407441901,0,21,201015,2,224,2
0.209195656384063,0,21,201015,2,232,2
0.114448050425121,0,21,201015,2,236,2
0.530720883943546,0,21,201015,2,255,2
-0.201017553508222,0,21,201015,2,265,2
0.0300712581655591,0,21,201015,2,355,2
0.180416021304,0,21,201015,2,358,2
-0.021438991207362,0,21,201015,2,379,2
0.394501314739255,0,21,201015,2,399,2
0.0156246540639183,0,21,201015,2,402,2
0.0354028811608225,0,21,201015,2,417,2
-0.0681741590501969,0,21,201016,3,9,2
0.134748174970839,0,21,201016,3,12,2
0.29240317339893,0,21,201016,3,24,2
0.490969081263788,0,21,201016,3,56,2
0.0397314141922082,0,21,201016,3,63,2
-0.0405002811321968,0,21,201016,3,75,2
-0.405619982323834,0,21,201016,3,91,2
-0.19854830398277,0,21,201016,3,95,2
0.475995806530629,0,21,201016,3,137,2
0.490758980921009,0,21,201016,3,188,2
0.49730114761163,0,21,201016,3,191,2
-0.299145537633545,0,21,201016,3,204,2
0.154222645504598,0,21,201016,3,210,2
-0.0718256561696702,0,21,201016,3,218,2
0.371911896755553,0,21,201016,3,221,2
-0.3899917002337,0,24,201113,1,20,2
0.255512817497079,0,24,201113,1,116,2
0.118555460044525,0,24,201113,1,144,2
0.196296629086112,0,24,201113,1,401,2
0.99506739467615,0,24,201113,1,483,2
-0.0767612896236351,0,24,201113,1,574,2
0.659323424189387,0,24,201113,1,593,2
0.417959218914267,0,24,201113,1,623,2
-0.147032601874879,0,24,201113,1,719,2
0.402047981543028,0,24,201113,1,723,2
-0.546521318174534,0,24,201113,1,750,2
-0.338988897923854,0,24,201113,1,785,2
-0.196040937021652,0,24,201113,1,798,2
0.0261125971126379,0,24,201113,1,827,2
0.0542135567386188,0,24,201113,1,864,2
0.0510104786429827,0,24,201113,1,866,2
0.350236040748765,0,24,201113,1,882,2
0.637948452412082,0,24,201113,1,909,2
0.714156905206679,0,24,201113,1,911,2
0.468732687598826,0,24,201113,1,915,2
0.475964171297667,0,24,201113,1,919,2
0.583581064503449,0,24,201113,1,920,2
0.285298513601569,0,24,201113,1,922,2
0.327489831770192,0,24,201113,1,924,2
0.651142894687682,0,24,201114,2,13,2
0.340956963683414,0,24,201114,2,22,2
0.757985151991773,0,24,201114,2,23,2
-0.335464943075736,0,24,201114,2,28,2
-0.047102324539533,0,24,201114,2,32,2
0.719145644794873,0,24,201114,2,48,2
0.0333013892679563,0,24,201114,2,94,2
0.100493949002635,0,24,201114,2,96,2
-0.127390594939854,0,24,201114,2,145,2
0.149559379058181,0,24,201114,2,162,2
0.382744950947681,0,24,201114,2,168,2
0.0725806645472564,0,24,201114,2,180,2
0.920740921122474,0,24,201114,2,188,2
0.232573703037129,0,24,201114,2,195,2
0.601211563892809,0,24,201114,2,198,2
-0.182196856945532,0,24,201114,2,210,2
0.219561159101648,0,24,201114,2,217,2
0.0977798244104747,0,24,201114,2,233,2
0.617364371912067,0,24,201114,2,244,2
0.42148441927686,0,24,201114,2,249,2
0.228846452669843,0,24,201114,2,253,2
0.893409133151846,0,24,201114,2,263,2
0.17151519972108,0,24,201115,3,216,2
0.432578251966008,0,24,201115,3,296,2
-0.186309143496957,0,24,201115,3,396,2
-0.471186169629133,0,24,201115,3,415,2
-0.23166580159571,0,24,201115,3,429,2
-0.5782051765983,0,24,201115,3,463,2
0.983486581393765,0,24,201115,3,531,2
-0.00729703582163754,0,24,201115,3,611,2
0.94782839265842,0,24,201115,3,622,2
-0.0146530043033094,0,24,201115,3,678,2
0.00843680184783264,0,24,201115,3,682,2
0.0276375325423087,0,24,201115,3,715,2
0.432879165447696,0,24,201115,3,719,2
0.253220179576088,0,24,201115,3,738,2
0.0331713678763919,0,24,201115,3,868,2
0.282148049582996,0,24,201115,3,883,2
0.0859592809597923,0,24,201115,3,887,2
0.209105731829823,0,24,201115,3,895,2
0.917174296644597,0,24,201115,3,901,2
0.504447102192485,0,24,201115,3,915,2
0.156994797785389,0,24,201115,3,980,2
0.101398055357927,0,24,201115,3,1003,2
-0.0739008933540874,0,24,201115,3,1006,2
-0.114685803765807,0,24,201115,3,1007,2
-0.1007395933562,0,24,201115,3,1009,2
0.023068797078175,0,24,201115,3,1015,2
0.369368310529109,0,24,201117,1,12,2
0.473651645155551,0,24,201117,1,18,2
-0.377173715860818,0,24,201117,1,22,2
0.486392314335717,0,24,201117,1,32,2
0.252101891640312,0,24,201117,1,41,2
0.502235167013711,0,24,201117,1,59,2
0.9623616860479,0,24,201117,1,67,2
-0.439379664917425,0,24,201117,1,207,2
0.26402309784453,0,24,201117,1,236,2
0.583706394708847,0,24,201117,1,249,2
0.240767012125547,0,24,201117,1,261,2
0.0557482842022934,0,24,201117,1,263,2
0.830935395559622,0,24,201117,1,269,2
0.249973424626222,0,24,201117,1,288,2
0.468267852650723,0,24,201117,1,294,2
0.634902751379315,0,24,201117,1,296,2
-0.169073248283182,0,24,201117,1,323,2
0.220716784392759,0,24,201117,1,335,2
0.422118375654253,0,24,201117,1,388,2
-0.223901675559817,0,24,201117,1,402,2
-0.107798509214547,0,24,201117,1,405,2
0.344772980401761,0,24,201117,1,413,2
-0.115575889716114,0,24,201117,1,415,2
0.146039630886866,0,24,201117,1,440,2
0.193398081622379,0,24,201117,1,474,2
0.366699353986464,0,24,201117,1,490,2
0.0697369704130124,0,24,201117,1,522,2
0.348505443101062,0,24,201117,1,604,2
-0.00474058358810309,0,24,201117,1,606,2
-0.139720193805937,0,24,201117,1,620,2
0.813289814127689,0,24,201117,1,634,2
-0.0116625383810328,0,24,201117,1,650,2
-0.396493463375576,0,24,201117,1,674,2
0.258262605505012,0,24,201117,1,679,2
-0.210384036637862,0,24,201117,1,682,2
-0.0651106414342103,0,24,201117,1,684,2
0.131790690331604,0,24,201117,1,692,2
-0.147755157474244,0,24,201117,1,698,2
0.622691809781746,0,24,201117,1,725,2
0.490105808514095,0,24,201117,1,728,2
0.203919913278771,0,24,201117,1,731,2
0.377256298876844,0,24,201117,1,732,2
-0.0404900405686638,0,24,201117,1,739,2
0.823957311551925,0,24,201117,1,749,2
0.0372061048832466,0,24,201118,2,51,2
0.291386519980345,0,24,201118,2,139,2
0.603233216369419,0,24,201118,2,173,2
0.677557980871251,0,24,201118,2,189,2
0.149357480735255,0,24,201118,2,209,2
0.467942785257936,0,24,201118,2,249,2
0.87704275831875,0,24,201118,2,262,2
0.220890618195228,0,24,201118,2,275,2
0.421779742634292,0,24,201118,2,307,2
0.221027501077533,0,24,201118,2,329,2
0.346991654764254,0,24,201118,2,365,2
0.0640495619460829,0,24,201118,2,367,2
0.0201206762024184,0,24,201118,2,379,2
0.173335645566561,0,24,201118,2,383,2
-0.0146950627813079,0,24,201118,2,405,2
0.0339433051461644,0,24,201118,2,415,2
-0.0237953860847742,0,24,201118,2,439,2
0.46618607188094,0,24,201118,2,518,2
-0.15684529017729,0,24,201118,2,522,2
0.0579720612829411,0,24,201118,2,523,2
0.706088692432636,0,24,201118,2,529,2
0.112288323000854,0,24,201118,2,551,2
0.660598857641731,0,24,201118,2,587,2
-0.122406404256397,0,24,201118,2,597,2
-0.765321785793686,0,24,201118,2,601,2
-0.560578634852024,0,24,201119,3,36,2
-0.178336056917196,0,24,201119,3,223,2
-0.277168273329309,0,24,201119,3,251,2
0.518275731411395,0,24,201119,3,311,2
0.195178781171071,0,24,201119,3,325,2
0.632753080850753,0,24,201119,3,351,2
0.0464264525986878,0,24,201119,3,382,2
0.579608245169017,0,24,201119,3,396,2
-0.299317597453731,0,24,201119,3,407,2
-0.0697068769404978,0,24,201119,3,431,2
0.0499578353715205,0,24,201119,3,463,2
0.3077072972735,0,24,201119,3,489,2
-0.609700836256328,0,24,201119,3,496,2
-0.0425536557775729,0,24,201119,3,506,2
0.339717265114246,0,24,201119,3,576,2
0.0468108974428511,0,24,201119,3,578,2
-0.375570559404627,0,24,201119,3,593,2
0.19156959194099,0,24,201119,3,600,2
0.0990689655774469,0,24,201119,3,606,2
0.529115515792434,0,24,201119,3,608,2
0.103836861837364,0,24,201119,3,631,2
0.927293259072201,0,24,201119,3,639,2
-0.0453755453441537,0,24,201119,3,640,2
-0.33744356549315,0,24,201119,3,641,2
-0.0119536723261255,0,45,211010,3,63,2
-0.00102443407964094,0,45,211010,3,64,2
0.019133149994532,0,45,211010,3,108,2
0.827307753234751,0,45,211010,3,166,2
0.201075634505918,0,45,211010,3,178,2
0.0402448644503521,0,45,211010,3,183,2
0.947450426649967,0,45,211010,3,190,2
-0.201279030721067,0,45,211010,3,192,2
0.830471307793177,0,45,211010,3,198,2
-0.487698731822473,0,45,211010,3,204,2
-0.0320130513948869,0,45,211010,3,211,2
0.427279412945174,0,45,211010,3,213,2
-0.10782500372824,0,45,211010,3,217,2
-0.277142444378342,0,45,211010,3,225,2
0.89485981349873,0,45,211010,3,231,2
-0.127425936568179,0,45,211010,3,239,2
0.1391977569661,0,45,211010,3,245,2
0.751690391675648,0,45,211010,3,251,2
-0.0998814279291751,0,45,211010,3,253,2
-0.54890738834395,0,45,211010,3,264,2
0.123198399998753,0,45,211010,3,268,2
0.0358457170505112,0,45,211010,3,278,2
-0.500362582356684,0,45,211010,3,308,2
-0.271440932783807,0,45,211010,3,310,2
-0.0752074627613464,0,45,211010,3,315,2
-0.52153585787952,0,45,211010,3,325,2
0.0293013736843158,0,45,211010,3,337,2
-0.206254668711184,0,45,211010,3,340,2
-0.266666502117472,0,45,211010,3,344,2
0.102626288772977,0,45,211010,3,345,2
-0.560076042794428,0,45,211010,3,349,2
0.673974985431494,0,45,211010,3,351,2
0.134313106955615,0,45,211012,1,28,2
0.0037016253949993,0,45,211012,1,71,2
0.27454367149406,0,45,211012,1,73,2
0.490592225730583,0,45,211012,1,97,2
0.207611579776865,0,45,211012,1,109,2
0.525269896816825,0,45,211012,1,117,2
0.239336686949292,0,45,211012,1,119,2
-0.286667135292271,0,45,211012,1,133,2
0.55727482037769,0,45,211012,1,143,2
-0.316170439325929,0,45,211012,1,147,2
0.263573877838552,0,45,211012,1,171,2
0.594821485412954,0,45,211012,1,173,2
0.430009128209746,0,45,211012,1,177,2
-0.336996404467295,0,45,211012,1,182,2
-0.0380638314075741,0,45,211012,1,186,2
0.772170250374224,0,45,211012,1,189,2
0.190751999686858,0,45,211012,1,193,2
0.854186263278145,0,45,211012,1,202,2
0.170263865794869,0,45,211013,2,63,2
0.520556138786312,0,45,211013,2,73,2
0.517841353410676,0,45,211013,2,81,2
0.0681005012616029,0,45,211013,2,87,2
0.19639273742971,0,45,211013,2,105,2
-0.407119224209284,0,45,211013,2,141,2
0.00929178220334914,0,45,211013,2,143,2
0.233708104402054,0,45,211013,2,176,2
-0.303507795206739,0,45,211013,2,186,2
0.0875089836048919,0,45,211013,2,187,2
-0.51468837010965,0,45,211013,2,190,2
-0.0602528464099915,0,45,211013,2,192,2
0.0795363330801505,0,45,211013,2,204,2
0.0931052393855072,0,45,211013,2,208,2
0.754895739021429,0,45,211013,2,214,2
0.477834485071308,0,45,211013,2,224,2
-0.0756504459636607,0,45,211013,2,228,2
0.337598607955693,0,45,211013,2,238,2
0.150142252237525,0,45,211013,2,247,2
0.115772536986255,0,45,211013,2,263,2
0.984864896132942,0,45,211013,2,266,2
0.521639119988048,0,45,211014,3,6,2
-0.592563340049901,0,45,211014,3,86,2
0.534404190146711,0,45,211014,3,124,2
0.863768012601072,0,45,211014,3,127,2
0.298683369413391,0,45,211014,3,131,2
-0.200232539318148,0,45,211014,3,145,2
0.457451086356352,0,45,211014,3,168,2
0.842169236313456,0,45,211014,3,176,2
-0.40818976856562,0,45,211014,3,181,2
0.496555398099888,0,45,211014,3,184,2
-0.200218791694412,0,45,211014,3,190,2
0.0740061883868932,0,45,211014,3,192,2
0.0681756616553324,0,45,211014,3,197,2
0.0531439287857697,0,45,211014,3,205,2
-0.284491333605214,0,45,211014,3,208,2
0.497101104701605,0,45,211014,3,214,2
0.805736020720748,0,45,211014,3,217,2
-0.0425954611242595,0,45,211014,3,221,2
-0.159988133439416,0,45,211014,3,228,2
0.307601050700593,0,45,211014,3,229,2
-0.129473818525396,0,45,211014,3,230,2
-0.00969407262722566,0,45,211014,3,235,2
0.6314750154507,0,45,211014,3,236,2
0.933424083880543,0,45,211014,3,237,2
-0.410250435679871,0,45,211014,3,238,2
0.592184022821093,0,45,211014,3,239,2
0.0447451796481846,0,45,211014,3,245,2
0.592537235813613,0,46,211017,1,5,2
0.527028297976626,0,46,211017,1,7,2
0.746185600214436,0,46,211017,1,12,2
0.748864623342825,0,46,211017,1,15,2
0.0734960884499693,0,46,211017,1,20,2
0.101657828895524,0,46,211017,1,25,2
0.879861280111183,0,46,211017,1,36,2
0.13159305646728,0,46,211017,1,45,2
-0.0957040246544502,0,46,211017,1,50,2
0.158958454144734,0,46,211017,1,66,2
0.517481877453263,0,46,211017,1,80,2
-0.523230370189405,0,46,211017,1,82,2
0.122085895321848,0,46,211017,1,84,2
0.92547247047532,0,46,211017,1,85,2
0.0178018087009967,0,46,211017,1,96,2
0.146056777713886,0,46,211017,1,126,2
-0.0228200386378844,0,46,211017,1,132,2
0.45531968503543,0,46,211017,1,134,2
0.173698653742208,0,46,211017,1,136,2
0.309182668496473,0,46,211017,1,140,2
0.404704899589935,0,46,211017,1,148,2
0.486407993239836,0,46,211017,1,150,2
-0.0786074017296804,0,46,211017,1,168,2
0.133151215720686,0,46,211017,1,174,2
0.406961797308688,0,46,211017,1,176,2
0.388494205285283,0,46,211017,1,178,2
0.117026192145781,0,46,211017,1,182,2
0.142171346317665,0,46,211017,1,188,2
0.848696575010644,0,46,211017,1,194,2
-0.266042617304806,0,46,211017,1,196,2
0.828155495126438,0,46,211017,1,205,2
-0.0916272768605469,0,46,211017,1,207,2
-0.262988689712586,0,46,211017,1,219,2
0.093083290693909,0,46,211017,1,236,2
0.298475792055174,0,46,211017,1,237,2
0.01980362295807,0,46,211017,1,238,2
0.124186953197219,0,46,211017,1,266,2
0.169061534604119,0,46,211017,1,277,2
0.828080893868903,0,46,211017,1,289,2
0.471779837085167,0,46,211017,1,291,2
0.373423724985521,0,46,211017,1,293,2
0.0123605216024582,0,46,211017,1,296,2
0.192973336853357,0,46,211017,1,298,2
0.560425829865863,0,46,211017,1,305,2
0.108113103105531,0,46,211017,1,307,2
0.261211173483263,0,46,211017,1,310,2
0.918750799085968,0,46,211017,1,311,2
0.385390938655912,0,46,211017,1,315,2
0.416211103036472,0,46,211017,1,319,2
-0.309191546794933,0,46,211018,2,11,2
0.183810574821002,0,46,211018,2,14,2
0.0502988181601771,0,46,211018,2,20,2
0.175581336533343,0,46,211018,2,39,2
0.543696521141553,0,46,211018,2,44,2
-0.1174861968685,0,46,211018,2,48,2
-0.0224312144932844,0,46,211018,2,55,2
-0.0724813376441055,0,46,211018,2,63,2
0.447795334358827,0,46,211018,2,71,2
-0.0561022546615956,0,46,211018,2,73,2
-0.0218083192221489,0,46,211018,2,81,2
0.625573115117048,0,46,211018,2,105,2
0.367264018505147,0,46,211018,2,109,2
0.417853262407861,0,46,211018,2,121,2
0.34584617782091,0,46,211018,2,132,2
-0.0700432948102087,0,46,211018,2,142,2
0.91627328938482,0,46,211018,2,144,2
-0.0876592098778618,0,46,211018,2,146,2
0.248461961963318,0,46,211018,2,150,2
-0.00239007708629457,0,46,211018,2,156,2
0.158804841933137,0,46,211018,2,160,2
0.816587593994471,0,46,211018,2,164,2
0.998752557756441,0,46,211018,2,172,2
0.895651288632817,0,46,211018,2,178,2
0.43806703241694,0,46,211018,2,182,2
-0.511934704234384,0,46,211018,2,184,2
0.0786556367374234,0,46,211018,2,186,2
0.0792519165129969,0,46,211018,2,200,2
-0.283710453984582,0,46,211018,2,206,2
0.370565614295857,0,46,211018,2,214,2
-0.0589169298643541,0,46,211018,2,228,2
0.776000785808471,0,46,211018,2,244,2
-0.0271893813168677,0,46,211018,2,258,2
0.474723937982568,0,46,211018,2,259,2
0.149165067548825,0,46,211018,2,274,2
0.153656446607546,0,46,211018,2,275,2
0.0653862499846523,0,46,211018,2,278,2
0.391565428307021,0,46,211018,2,279,2
0.246552701728106,0,46,211018,2,280,2
0.0473270206036302,0,46,211018,2,282,2
-0.0434318898796706,0,46,211018,2,286,2
0.239237762627401,0,46,211018,2,287,2
0.74413087148259,0,46,211018,2,291,2
-0.27946727003358,0,46,211019,3,99,2
0.0639347551640425,0,46,211019,3,192,2
-0.107208616062214,0,46,211019,3,202,2
0.370377401169576,0,46,211019,3,216,2
0.146504120967657,0,46,211019,3,249,2
0.171541444554386,0,46,211019,3,259,2
-0.837835313703735,0,46,211019,3,261,2
0.521891580379505,0,46,211019,3,295,2
-0.203446122360991,0,46,211019,3,311,2
-0.0781784891521023,0,46,211019,3,315,2
-0.00731270052557392,0,46,211019,3,319,2
-0.143476345360965,0,46,211019,3,332,2
0.966024011437387,0,46,211019,3,342,2
0.453138614020631,0,46,211019,3,348,2
0.928005856875854,0,46,211019,3,374,2
-0.683415097798236,0,46,211019,3,388,2
0.235850715437512,0,46,211019,3,406,2
-0.912660397211905,0,46,211019,3,409,2
0.593137786031158,0,46,211019,3,419,2
0.118522934639927,0,46,211019,3,427,2
0.956358960964781,0,46,211019,3,441,2
0.48757923772066,0,46,211019,3,456,2
-0.0257594197338971,0,46,211019,3,476,2
0.265817963872541,0,46,211019,3,503,2
0.28089896440121,0,46,211019,3,526,2
0.079442668083403,0,46,211019,3,528,2
0.971890870046694,0,46,211019,3,554,2
0.169590531656842,0,46,211020,1,0,2
0.297628884774356,0,46,211020,1,4,2
-0.13731838468542,0,46,211020,1,37,2
0.287983233756175,0,46,211020,1,51,2
0.167628366788284,0,46,211020,1,62,2
0.0874523081661468,0,46,211020,1,83,2
0.200054711921385,0,46,211020,1,104,2
0.138057765130512,0,46,211020,1,108,2
0.361384990217201,0,46,211020,1,110,2
0.654480457106239,0,46,211020,1,112,2
-0.496845026422663,0,46,211020,1,114,2
-0.0340405398079765,0,46,211020,1,119,2
0.322848885884532,0,46,211020,1,125,2
0.0234817524211727,0,46,211020,1,135,2
0.291142015407446,0,46,211020,1,139,2
0.434517991117715,0,46,211020,1,141,2
-0.0118462471003107,0,46,211020,1,153,2
0.0887080641365578,0,46,211020,1,157,2
0.244744262542412,0,46,211020,1,158,2
0.576631968907301,0,46,211020,1,159,2
0.884439882409753,0,46,211020,1,160,2
-0.159510505554558,0,47,211017,1,31,2
-0.121164320304563,0,47,211017,1,103,2
0.0378059197537817,0,47,211017,1,136,2
0.594074904533661,0,47,211017,1,140,2
0.72698741730555,0,47,211017,1,154,2
0.00678596786072655,0,47,211017,1,170,2
-0.0774701887233598,0,47,211017,1,172,2
0.0910438197993179,0,47,211017,1,188,2
-0.175489743901445,0,47,211017,1,194,2
0.36216925055708,0,47,211017,1,198,2
0.00532522126780369,0,47,211017,1,204,2
-0.217885758616452,0,47,211017,1,206,2
0.226425990463778,0,47,211017,1,215,2
-0.251795295285226,0,47,211017,1,217,2
-0.792244244697627,0,47,211017,1,221,2
0.00595657842293854,0,47,211017,1,223,2
-0.372379528919583,0,47,211017,1,231,2
-0.0112173320468177,0,47,211017,1,241,2
0.136485812390127,0,47,211017,1,243,2
0.387918248357646,0,47,211017,1,247,2
0.947014949011639,0,47,211017,1,251,2
-0.0591361229588168,0,47,211017,1,265,2
-0.577898764049921,0,47,211017,1,267,2
-0.234232665547553,0,47,211017,1,283,2
0.705019363942814,0,47,211017,1,289,2
-0.172741265708819,0,47,211017,1,296,2
0.0615919092283477,0,47,211017,1,306,2
-0.434582108741617,0,47,211017,1,311,2
0.0341531938218751,0,47,211017,1,317,2
0.359190050215944,0,47,211017,1,349,2
0.249601305440431,0,47,211018,2,15,2
0.705081036050552,0,47,211018,2,46,2
0.452953464556284,0,47,211018,2,67,2
-0.0550499941325402,0,47,211018,2,68,2
0.044040301431775,0,47,211018,2,71,2
0.790123853030176,0,47,211018,2,77,2
0.146784023289616,0,47,211018,2,122,2
0.0372066576031105,0,47,211018,2,132,2
0.588327749616364,0,47,211018,2,136,2
0.687987535146885,0,47,211018,2,138,2
0.15530850201972,0,47,211018,2,144,2
0.184119881628697,0,47,211018,2,150,2
0.567127336609321,0,47,211018,2,154,2
0.0651181250114979,0,47,211018,2,156,2
-0.237289964018047,0,47,211018,2,162,2
0.366890847799658,0,47,211018,2,166,2
0.469142897250454,0,47,211018,2,171,2
0.153259074505425,0,47,211018,2,175,2
-0.12092668911448,0,47,211018,2,178,2
0.242710354327937,0,47,211018,2,186,2
0.241044519536874,0,47,211018,2,190,2
0.0709227633232661,0,47,211018,2,194,2
-0.0337738305187069,0,47,211018,2,204,2
-0.133956929697503,0,47,211018,2,208,2
0.448789069837418,0,47,211018,2,216,2
0.348235154597823,0,47,211018,2,219,2
-0.241127553097486,0,47,211018,2,228,2
-0.0527380379757377,0,47,211018,2,229,2
0.326281649421784,0,47,211018,2,231,2
0.269079119790671,0,47,211018,2,232,2
0.369592538321655,0,47,211018,2,244,2
0.524247321533093,0,47,211018,2,245,2
0.59456516533545,0,47,211018,2,246,2
