DataY,AnimalID,RecDate,NovelDay,CellID,CellType,Environ,PosBin,StimCond
-0.0298460545574913,4,230428,NaN,2,1,2,100,0
-0.0386250873413601,4,230428,NaN,2,1,2,101,0
-0.0478553303357365,4,230428,NaN,2,1,2,102,0
-0.0524340807726371,4,230428,NaN,2,1,2,103,0
-0.0535857078274013,4,230428,NaN,2,1,2,104,0
-0.0523293980264831,4,230428,NaN,2,1,2,105,0
-0.0463764435458304,4,230428,NaN,2,1,2,106,0
-0.0392730429586379,4,230428,NaN,2,1,2,107,0
-0.0334137450722123,4,230428,NaN,2,1,2,108,0
-0.0240589799714298,4,230428,NaN,2,1,2,109,0
-0.015676165781002,4,230428,NaN,2,1,2,110,0
-0.00834205185441755,4,230428,NaN,2,1,2,111,0
-0.000737387900606901,4,230428,NaN,2,1,2,112,0
0.0024687840289121,4,230428,NaN,2,1,2,113,0
0.00331849541885726,4,230428,NaN,2,1,2,114,0
0.00144221441669229,4,230428,NaN,2,1,2,115,0
-0.00637982793453296,4,230428,NaN,2,1,2,116,0
0.00212619262989272,4,230428,NaN,2,1,2,117,0
0.0416527480392041,4,230428,NaN,2,1,2,118,0
0.12303535709809,4,230428,NaN,2,1,2,119,0
0.245043457690642,4,230428,NaN,2,1,2,120,0
0.376290035039091,4,230428,NaN,2,1,2,121,0
0.477487352282487,4,230428,NaN,2,1,2,122,0
0.520287550423961,4,230428,NaN,2,1,2,123,0
0.511648339656709,4,230428,NaN,2,1,2,124,0
0.480900163391683,4,230428,NaN,2,1,2,125,0
0.441400978997118,4,230428,NaN,2,1,2,126,0
0.409270058595117,4,230428,NaN,2,1,2,127,0
0.388263789428861,4,230428,NaN,2,1,2,128,0
0.375509683988394,4,230428,NaN,2,1,2,129,0
0.373870600707964,4,230428,NaN,2,1,2,130,0
0.37702349715353,4,230428,NaN,2,1,2,131,0
0.375233734730376,4,230428,NaN,2,1,2,132,0
0.371609525691717,4,230428,NaN,2,1,2,133,0
0.357544327355984,4,230428,NaN,2,1,2,134,0
0.338901060640395,4,230428,NaN,2,1,2,135,0
0.320703599340649,4,230428,NaN,2,1,2,136,0
0.305458045621398,4,230428,NaN,2,1,2,137,0
0.297459449669224,4,230428,NaN,2,1,2,138,0
0.297686570017529,4,230428,NaN,2,1,2,139,0
0.297591552692118,4,230428,NaN,2,1,2,140,0
0.298828475106292,4,230428,NaN,2,1,2,141,0
0.30179247574393,4,230428,NaN,2,1,2,142,0
0.297518879787702,4,230428,NaN,2,1,2,143,0
0.290836564489662,4,230428,NaN,2,1,2,144,0
0.279672650939034,4,230428,NaN,2,1,2,145,0
0.269997207090249,4,230428,NaN,2,1,2,146,0
0.26551020448243,4,230428,NaN,2,1,2,147,0
0.264060881428068,4,230428,NaN,2,1,2,148,0
0.266834539896856,4,230428,NaN,2,1,2,149,0
0.275059175199571,4,230428,NaN,2,1,2,150,0
0.281786975142003,4,230428,NaN,2,1,2,151,0
0.285438258810215,4,230428,NaN,2,1,2,152,0
0.288492099964028,4,230428,NaN,2,1,2,153,0
0.279929707746235,4,230428,NaN,2,1,2,154,0
0.269358336670188,4,230428,NaN,2,1,2,155,0
0.258539305481905,4,230428,NaN,2,1,2,156,0
0.252806948523439,4,230428,NaN,2,1,2,157,0
0.252377653912338,4,230428,NaN,2,1,2,158,0
0.248989900009833,4,230428,NaN,2,1,2,159,0
0.241876206267064,4,230428,NaN,2,1,2,160,0
0.232961078140743,4,230428,NaN,2,1,2,161,0
0.220225279890804,4,230428,NaN,2,1,2,162,0
0.210075184283691,4,230428,NaN,2,1,2,163,0
0.206522595634233,4,230428,NaN,2,1,2,164,0
0.20531410924126,4,230428,NaN,2,1,2,165,0
0.206778476210005,4,230428,NaN,2,1,2,166,0
0.212701217019607,4,230428,NaN,2,1,2,167,0
0.218628762305237,4,230428,NaN,2,1,2,168,0
0.223249748342718,4,230428,NaN,2,1,2,169,0
0.228125865640713,4,230428,NaN,2,1,2,170,0
0.228426871885075,4,230428,NaN,2,1,2,171,0
0.23225453355593,4,230428,NaN,2,1,2,172,0
0.233252709644739,4,230428,NaN,2,1,2,173,0
0.230612616586773,4,230428,NaN,2,1,2,174,0
0.23477690999766,4,230428,NaN,2,1,2,175,0
0.235319369722989,4,230428,NaN,2,1,2,176,0
0.232000775155473,4,230428,NaN,2,1,2,177,0
0.228336092962225,4,230428,NaN,2,1,2,178,0
0.221993497677265,4,230428,NaN,2,1,2,179,0
0.218508504942172,4,230428,NaN,2,1,2,180,0
0.215809070455089,4,230428,NaN,2,1,2,181,0
-0.0607217540262421,4,230428,NaN,75,1,2,100,0
-0.0469014913292076,4,230428,NaN,75,1,2,101,0
-0.03220195347804,4,230428,NaN,75,1,2,102,0
-0.0135977239101334,4,230428,NaN,75,1,2,103,0
-0.00173194212988492,4,230428,NaN,75,1,2,104,0
0.00295074462799838,4,230428,NaN,75,1,2,105,0
0.003150617923948,4,230428,NaN,75,1,2,106,0
-0.00637389196866123,4,230428,NaN,75,1,2,107,0
-0.0165840708272036,4,230428,NaN,75,1,2,108,0
-0.0239097170281869,4,230428,NaN,75,1,2,109,0
-0.0318260248525668,4,230428,NaN,75,1,2,110,0
-0.0357906852732601,4,230428,NaN,75,1,2,111,0
-0.0393184746817355,4,230428,NaN,75,1,2,112,0
-0.0415265665922693,4,230428,NaN,75,1,2,113,0
-0.031724463935587,4,230428,NaN,75,1,2,114,0
-0.0223887299283057,4,230428,NaN,75,1,2,115,0
-0.0114961144875736,4,230428,NaN,75,1,2,116,0
0.00827702043590683,4,230428,NaN,75,1,2,117,0
0.0430261975642996,4,230428,NaN,75,1,2,118,0
0.105740752485335,4,230428,NaN,75,1,2,119,0
0.192226517385126,4,230428,NaN,75,1,2,120,0
0.289642490683047,4,230428,NaN,75,1,2,121,0
0.372485297508889,4,230428,NaN,75,1,2,122,0
0.410098717897303,4,230428,NaN,75,1,2,123,0
0.404011707907324,4,230428,NaN,75,1,2,124,0
0.37171604276463,4,230428,NaN,75,1,2,125,0
0.332348055399149,4,230428,NaN,75,1,2,126,0
0.302983775075445,4,230428,NaN,75,1,2,127,0
0.27890144992823,4,230428,NaN,75,1,2,128,0
0.266634245417132,4,230428,NaN,75,1,2,129,0
0.261945720161954,4,230428,NaN,75,1,2,130,0
0.250196294245775,4,230428,NaN,75,1,2,131,0
0.236716896797325,4,230428,NaN,75,1,2,132,0
0.226800214844053,4,230428,NaN,75,1,2,133,0
0.218987538581861,4,230428,NaN,75,1,2,134,0
0.219003955347098,4,230428,NaN,75,1,2,135,0
0.226958680243132,4,230428,NaN,75,1,2,136,0
0.23141077115742,4,230428,NaN,75,1,2,137,0
0.232393910234639,4,230428,NaN,75,1,2,138,0
0.225296708863696,4,230428,NaN,75,1,2,139,0
0.213389283914993,4,230428,NaN,75,1,2,140,0
0.211625407465488,4,230428,NaN,75,1,2,141,0
0.206846474556267,4,230428,NaN,75,1,2,142,0
0.206308017559412,4,230428,NaN,75,1,2,143,0
0.216027488445419,4,230428,NaN,75,1,2,144,0
0.227535727118138,4,230428,NaN,75,1,2,145,0
0.240553610087267,4,230428,NaN,75,1,2,146,0
0.247617334699447,4,230428,NaN,75,1,2,147,0
0.239644407314731,4,230428,NaN,75,1,2,148,0
0.226027471563544,4,230428,NaN,75,1,2,149,0
0.208903368033997,4,230428,NaN,75,1,2,150,0
0.192518670055844,4,230428,NaN,75,1,2,151,0
0.19055721990792,4,230428,NaN,75,1,2,152,0
0.194558318907883,4,230428,NaN,75,1,2,153,0
0.202754032457997,4,230428,NaN,75,1,2,154,0
0.220957944519119,4,230428,NaN,75,1,2,155,0
0.234323885667884,4,230428,NaN,75,1,2,156,0
0.240417268330209,4,230428,NaN,75,1,2,157,0
0.237474156029555,4,230428,NaN,75,1,2,158,0
0.226195323894766,4,230428,NaN,75,1,2,159,0
0.213584018977534,4,230428,NaN,75,1,2,160,0
0.197781672408465,4,230428,NaN,75,1,2,161,0
0.18088445591364,4,230428,NaN,75,1,2,162,0
0.173671250003163,4,230428,NaN,75,1,2,163,0
0.171572162094799,4,230428,NaN,75,1,2,164,0
0.170288394611231,4,230428,NaN,75,1,2,165,0
0.173454621794785,4,230428,NaN,75,1,2,166,0
0.17649961811985,4,230428,NaN,75,1,2,167,0
0.171173519070235,4,230428,NaN,75,1,2,168,0
0.165246125790558,4,230428,NaN,75,1,2,169,0
0.157288220457752,4,230428,NaN,75,1,2,170,0
0.15397580219348,4,230428,NaN,75,1,2,171,0
0.156240164462579,4,230428,NaN,75,1,2,172,0
0.152909152842852,4,230428,NaN,75,1,2,173,0
0.155206284284995,4,230428,NaN,75,1,2,174,0
0.158350168806104,4,230428,NaN,75,1,2,175,0
0.150201582399924,4,230428,NaN,75,1,2,176,0
0.14717551745835,4,230428,NaN,75,1,2,177,0
0.144086286473096,4,230428,NaN,75,1,2,178,0
0.139318273208537,4,230428,NaN,75,1,2,179,0
0.13657807241518,4,230428,NaN,75,1,2,180,0
0.128408558038621,4,230428,NaN,75,1,2,181,0
-0.084472148919561,4,230429,NaN,91,1,2,100,0
-0.0820958795873546,4,230429,NaN,91,1,2,101,0
-0.0840489050217522,4,230429,NaN,91,1,2,102,0
-0.0819462906857423,4,230429,NaN,91,1,2,103,0
-0.0728707949448901,4,230429,NaN,91,1,2,104,0
-0.0525683542605631,4,230429,NaN,91,1,2,105,0
-0.0184608898852564,4,230429,NaN,91,1,2,106,0
0.0104921942042401,4,230429,NaN,91,1,2,107,0
0.0199082835174247,4,230429,NaN,91,1,2,108,0
0.0161681689814841,4,230429,NaN,91,1,2,109,0
-0.00010552375492523,4,230429,NaN,91,1,2,110,0
-0.0096370657148126,4,230429,NaN,91,1,2,111,0
-0.00377323692724529,4,230429,NaN,91,1,2,112,0
0.00540546777542061,4,230429,NaN,91,1,2,113,0
0.0162256403688102,4,230429,NaN,91,1,2,114,0
0.0218219292621186,4,230429,NaN,91,1,2,115,0
0.0163979757135784,4,230429,NaN,91,1,2,116,0
0.0208739126610876,4,230429,NaN,91,1,2,117,0
0.0404094745818681,4,230429,NaN,91,1,2,118,0
0.0827592051930749,4,230429,NaN,91,1,2,119,0
0.155044688523437,4,230429,NaN,91,1,2,120,0
0.242181219355731,4,230429,NaN,91,1,2,121,0
0.316167464350864,4,230429,NaN,91,1,2,122,0
0.366634002051445,4,230429,NaN,91,1,2,123,0
0.383951733112457,4,230429,NaN,91,1,2,124,0
0.371041371068037,4,230429,NaN,91,1,2,125,0
0.362297233976952,4,230429,NaN,91,1,2,126,0
0.373074319831228,4,230429,NaN,91,1,2,127,0
0.391663210389075,4,230429,NaN,91,1,2,128,0
0.403698103857367,4,230429,NaN,91,1,2,129,0
0.392369147756053,4,230429,NaN,91,1,2,130,0
0.361417600366345,4,230429,NaN,91,1,2,131,0
0.323432751278638,4,230429,NaN,91,1,2,132,0
0.2940977072447,4,230429,NaN,91,1,2,133,0
0.271966043564014,4,230429,NaN,91,1,2,134,0
0.254498098148159,4,230429,NaN,91,1,2,135,0
0.240416879112915,4,230429,NaN,91,1,2,136,0
0.220669346443505,4,230429,NaN,91,1,2,137,0
0.210352110880894,4,230429,NaN,91,1,2,138,0
0.203996891581019,4,230429,NaN,91,1,2,139,0
0.200662243832838,4,230429,NaN,91,1,2,140,0
0.196158286828933,4,230429,NaN,91,1,2,141,0
0.182089899970119,4,230429,NaN,91,1,2,142,0
0.172551427961597,4,230429,NaN,91,1,2,143,0
0.166482864799999,4,230429,NaN,91,1,2,144,0
0.159161904171396,4,230429,NaN,91,1,2,145,0
0.149046067559056,4,230429,NaN,91,1,2,146,0
0.13216471517026,4,230429,NaN,91,1,2,147,0
0.118869177065248,4,230429,NaN,91,1,2,148,0
0.117282346398868,4,230429,NaN,91,1,2,149,0
0.132859842551354,4,230429,NaN,91,1,2,150,0
0.156896910652327,4,230429,NaN,91,1,2,151,0
0.174738520821491,4,230429,NaN,91,1,2,152,0
0.185827173094044,4,230429,NaN,91,1,2,153,0
0.194475837934768,4,230429,NaN,91,1,2,154,0
0.199304724930856,4,230429,NaN,91,1,2,155,0
0.211022243926621,4,230429,NaN,91,1,2,156,0
0.224045322085867,4,230429,NaN,91,1,2,157,0
0.223516159937979,4,230429,NaN,91,1,2,158,0
0.228842760322168,4,230429,NaN,91,1,2,159,0
0.231068675996017,4,230429,NaN,91,1,2,160,0
0.237685067550781,4,230429,NaN,91,1,2,161,0
0.25528069095172,4,230429,NaN,91,1,2,162,0
0.270303956615532,4,230429,NaN,91,1,2,163,0
0.273095199487599,4,230429,NaN,91,1,2,164,0
0.269450140201126,4,230429,NaN,91,1,2,165,0
0.251893961264975,4,230429,NaN,91,1,2,166,0
0.234773521338491,4,230429,NaN,91,1,2,167,0
0.231888961657376,4,230429,NaN,91,1,2,168,0
0.227192600109729,4,230429,NaN,91,1,2,169,0
0.226707186638991,4,230429,NaN,91,1,2,170,0
0.226275524168574,4,230429,NaN,91,1,2,171,0
0.221132948624129,4,230429,NaN,91,1,2,172,0
0.211044535780825,4,230429,NaN,91,1,2,173,0
0.186297283654899,4,230429,NaN,91,1,2,174,0
0.154421557384642,4,230429,NaN,91,1,2,175,0
0.126337477502455,4,230429,NaN,91,1,2,176,0
0.107963775725807,4,230429,NaN,91,1,2,177,0
0.104809707492517,4,230429,NaN,91,1,2,178,0
0.110550059852387,4,230429,NaN,91,1,2,179,0
0.119649371239226,4,230429,NaN,91,1,2,180,0
0.13976231523861,4,230429,NaN,91,1,2,181,0
0.049613638510746,4,230430,NaN,21,1,2,100,0
0.0472618555136906,4,230430,NaN,21,1,2,101,0
0.0408010171550796,4,230430,NaN,21,1,2,102,0
0.0244916187285739,4,230430,NaN,21,1,2,103,0
0.018247587181502,4,230430,NaN,21,1,2,104,0
0.0220115023065671,4,230430,NaN,21,1,2,105,0
0.0246108867498539,4,230430,NaN,21,1,2,106,0
0.0288099446514373,4,230430,NaN,21,1,2,107,0
0.0247009081433356,4,230430,NaN,21,1,2,108,0
0.00875597327026245,4,230430,NaN,21,1,2,109,0
-0.005897841715093,4,230430,NaN,21,1,2,110,0
-0.0159763215039103,4,230430,NaN,21,1,2,111,0
-0.0214212302657122,4,230430,NaN,21,1,2,112,0
-0.0257908323951733,4,230430,NaN,21,1,2,113,0
-0.0373450653241012,4,230430,NaN,21,1,2,114,0
-0.0494648895764892,4,230430,NaN,21,1,2,115,0
-0.059639050178832,4,230430,NaN,21,1,2,116,0
-0.0601104838275992,4,230430,NaN,21,1,2,117,0
-0.0374618246859852,4,230430,NaN,21,1,2,118,0
0.00601405000765809,4,230430,NaN,21,1,2,119,0
0.0674021957649341,4,230430,NaN,21,1,2,120,0
0.140145707057957,4,230430,NaN,21,1,2,121,0
0.204063324449796,4,230430,NaN,21,1,2,122,0
0.242643608642714,4,230430,NaN,21,1,2,123,0
0.256463445004085,4,230430,NaN,21,1,2,124,0
0.252791909236822,4,230430,NaN,21,1,2,125,0
0.23917805972469,4,230430,NaN,21,1,2,126,0
0.223775493595189,4,230430,NaN,21,1,2,127,0
0.211838089998153,4,230430,NaN,21,1,2,128,0
0.200824070824943,4,230430,NaN,21,1,2,129,0
0.194493089269554,4,230430,NaN,21,1,2,130,0
0.193855984774074,4,230430,NaN,21,1,2,131,0
0.190687609070151,4,230430,NaN,21,1,2,132,0
0.189510960880762,4,230430,NaN,21,1,2,133,0
0.185229213828274,4,230430,NaN,21,1,2,134,0
0.17611520908645,4,230430,NaN,21,1,2,135,0
0.171929140506233,4,230430,NaN,21,1,2,136,0
0.163163226271734,4,230430,NaN,21,1,2,137,0
0.15540570372429,4,230430,NaN,21,1,2,138,0
0.152475584425084,4,230430,NaN,21,1,2,139,0
0.147561762560279,4,230430,NaN,21,1,2,140,0
0.140835397002724,4,230430,NaN,21,1,2,141,0
0.140849485060517,4,230430,NaN,21,1,2,142,0
0.139550036327422,4,230430,NaN,21,1,2,143,0
0.143843883472798,4,230430,NaN,21,1,2,144,0
0.152586918418596,4,230430,NaN,21,1,2,145,0
0.155130690048899,4,230430,NaN,21,1,2,146,0
0.155433947770924,4,230430,NaN,21,1,2,147,0
0.159903944598371,4,230430,NaN,21,1,2,148,0
0.160705300289351,4,230430,NaN,21,1,2,149,0
0.166620854705629,4,230430,NaN,21,1,2,150,0
0.179419249658803,4,230430,NaN,21,1,2,151,0
0.184951483801306,4,230430,NaN,21,1,2,152,0
0.187781691438065,4,230430,NaN,21,1,2,153,0
0.18667054168706,4,230430,NaN,21,1,2,154,0
0.179658563117146,4,230430,NaN,21,1,2,155,0
0.173980505140588,4,230430,NaN,21,1,2,156,0
0.166811730507314,4,230430,NaN,21,1,2,157,0
0.157291757288743,4,230430,NaN,21,1,2,158,0
0.151970605815243,4,230430,NaN,21,1,2,159,0
0.143273990747009,4,230430,NaN,21,1,2,160,0
0.135782893834951,4,230430,NaN,21,1,2,161,0
0.131605540560437,4,230430,NaN,21,1,2,162,0
0.126199836658416,4,230430,NaN,21,1,2,163,0
0.120736620401701,4,230430,NaN,21,1,2,164,0
0.119827894327211,4,230430,NaN,21,1,2,165,0
0.124059738508676,4,230430,NaN,21,1,2,166,0
0.134052626351419,4,230430,NaN,21,1,2,167,0
0.145375519266215,4,230430,NaN,21,1,2,168,0
0.148385341137252,4,230430,NaN,21,1,2,169,0
0.144695860189992,4,230430,NaN,21,1,2,170,0
0.135950538855361,4,230430,NaN,21,1,2,171,0
0.121099489580347,4,230430,NaN,21,1,2,172,0
0.105025000574905,4,230430,NaN,21,1,2,173,0
0.0908277623500789,4,230430,NaN,21,1,2,174,0
0.0728121478358985,4,230430,NaN,21,1,2,175,0
0.0582609783907956,4,230430,NaN,21,1,2,176,0
0.0512430927605543,4,230430,NaN,21,1,2,177,0
0.0496619611602602,4,230430,NaN,21,1,2,178,0
0.0577253194330356,4,230430,NaN,21,1,2,179,0
0.0772511696466515,4,230430,NaN,21,1,2,180,0
0.0878739990384153,4,230430,NaN,21,1,2,181,0
0.0457781540552011,4,230430,NaN,156,1,2,100,0
0.0359609879867039,4,230430,NaN,156,1,2,101,0
0.0339937780496152,4,230430,NaN,156,1,2,102,0
0.0350487699190012,4,230430,NaN,156,1,2,103,0
0.0554053899477002,4,230430,NaN,156,1,2,104,0
0.0775611288023733,4,230430,NaN,156,1,2,105,0
0.0880393152878514,4,230430,NaN,156,1,2,106,0
0.0852650349499005,4,230430,NaN,156,1,2,107,0
0.0594549978793025,4,230430,NaN,156,1,2,108,0
0.0213577592029688,4,230430,NaN,156,1,2,109,0
-0.00446433720220762,4,230430,NaN,156,1,2,110,0
-0.0193533884223568,4,230430,NaN,156,1,2,111,0
-0.0219655365818786,4,230430,NaN,156,1,2,112,0
-0.0150851065535014,4,230430,NaN,156,1,2,113,0
-0.0261585907365243,4,230430,NaN,156,1,2,114,0
-0.043776411110772,4,230430,NaN,156,1,2,115,0
-0.0657966995730783,4,230430,NaN,156,1,2,116,0
-0.0861004312790554,4,230430,NaN,156,1,2,117,0
-0.0873154485407137,4,230430,NaN,156,1,2,118,0
-0.0736289385693651,4,230430,NaN,156,1,2,119,0
-0.0484422734559644,4,230430,NaN,156,1,2,120,0
-0.0134966176890665,4,230430,NaN,156,1,2,121,0
0.0250520695896979,4,230430,NaN,156,1,2,122,0
0.0547031001658341,4,230430,NaN,156,1,2,123,0
0.077851900309677,4,230430,NaN,156,1,2,124,0
0.0886847652576166,4,230430,NaN,156,1,2,125,0
0.0850526102013159,4,230430,NaN,156,1,2,126,0
0.0774774881016029,4,230430,NaN,156,1,2,127,0
0.0685826149718775,4,230430,NaN,156,1,2,128,0
0.056767591630039,4,230430,NaN,156,1,2,129,0
0.0452723050214118,4,230430,NaN,156,1,2,130,0
0.0352817826279179,4,230430,NaN,156,1,2,131,0
0.0180625659249933,4,230430,NaN,156,1,2,132,0
0.00806754633420326,4,230430,NaN,156,1,2,133,0
0.00543355129549661,4,230430,NaN,156,1,2,134,0
0.00786436476683727,4,230430,NaN,156,1,2,135,0
0.0263998264857539,4,230430,NaN,156,1,2,136,0
0.0448898008695388,4,230430,NaN,156,1,2,137,0
0.0631092876975291,4,230430,NaN,156,1,2,138,0
0.0848839177234814,4,230430,NaN,156,1,2,139,0
0.0943525441749883,4,230430,NaN,156,1,2,140,0
0.0948042419189256,4,230430,NaN,156,1,2,141,0
0.0940093314404573,4,230430,NaN,156,1,2,142,0
0.0874470503669329,4,230430,NaN,156,1,2,143,0
0.0808031697391456,4,230430,NaN,156,1,2,144,0
0.0814835041956593,4,230430,NaN,156,1,2,145,0
0.0845746369253152,4,230430,NaN,156,1,2,146,0
0.0906272901110601,4,230430,NaN,156,1,2,147,0
0.0951091589518083,4,230430,NaN,156,1,2,148,0
0.0892448954795877,4,230430,NaN,156,1,2,149,0
0.0804392666680864,4,230430,NaN,156,1,2,150,0
0.0790149919356448,4,230430,NaN,156,1,2,151,0
0.0834262915418907,4,230430,NaN,156,1,2,152,0
0.0969121855339933,4,230430,NaN,156,1,2,153,0
0.11853873143597,4,230430,NaN,156,1,2,154,0
0.139318042568546,4,230430,NaN,156,1,2,155,0
0.160287505435984,4,230430,NaN,156,1,2,156,0
0.174607109326082,4,230430,NaN,156,1,2,157,0
0.179678093499495,4,230430,NaN,156,1,2,158,0
0.178296609430544,4,230430,NaN,156,1,2,159,0
0.168494481016628,4,230430,NaN,156,1,2,160,0
0.156333278590018,4,230430,NaN,156,1,2,161,0
0.141283863956208,4,230430,NaN,156,1,2,162,0
0.119904309677242,4,230430,NaN,156,1,2,163,0
0.0939905259977323,4,230430,NaN,156,1,2,164,0
0.0671600607252886,4,230430,NaN,156,1,2,165,0
0.0468730455142953,4,230430,NaN,156,1,2,166,0
0.0375846358504168,4,230430,NaN,156,1,2,167,0
0.0332698864387192,4,230430,NaN,156,1,2,168,0
0.0302465748791743,4,230430,NaN,156,1,2,169,0
0.018700050220002,4,230430,NaN,156,1,2,170,0
0.00557731501527481,4,230430,NaN,156,1,2,171,0
-0.0157636124795517,4,230430,NaN,156,1,2,172,0
-0.0400857993096095,4,230430,NaN,156,1,2,173,0
-0.0546318306480498,4,230430,NaN,156,1,2,174,0
-0.0592541143634121,4,230430,NaN,156,1,2,175,0
-0.0591276786167587,4,230430,NaN,156,1,2,176,0
-0.0674647743835516,4,230430,NaN,156,1,2,177,0
-0.0871218599624861,4,230430,NaN,156,1,2,178,0
-0.105165466850235,4,230430,NaN,156,1,2,179,0
-0.106745663468392,4,230430,NaN,156,1,2,180,0
-0.0992108312986728,4,230430,NaN,156,1,2,181,0
-0.0496138936650564,57,220329,NaN,76,1,2,100,0
-0.0450350282867014,57,220329,NaN,76,1,2,101,0
-0.0411945768815052,57,220329,NaN,76,1,2,102,0
-0.0391843477032114,57,220329,NaN,76,1,2,103,0
-0.0369679324602906,57,220329,NaN,76,1,2,104,0
-0.0384257861987369,57,220329,NaN,76,1,2,105,0
-0.0404397985600247,57,220329,NaN,76,1,2,106,0
-0.0415037948171167,57,220329,NaN,76,1,2,107,0
-0.0413211409385153,57,220329,NaN,76,1,2,108,0
-0.0373127195110188,57,220329,NaN,76,1,2,109,0
-0.0309231118385679,57,220329,NaN,76,1,2,110,0
-0.0241448550235171,57,220329,NaN,76,1,2,111,0
-0.0174531356025568,57,220329,NaN,76,1,2,112,0
-0.0130343986139254,57,220329,NaN,76,1,2,113,0
-0.00949301081483822,57,220329,NaN,76,1,2,114,0
-0.00794624501954594,57,220329,NaN,76,1,2,115,0
-0.00951316079077985,57,220329,NaN,76,1,2,116,0
0.00654354123361572,57,220329,NaN,76,1,2,117,0
0.0544242534445637,57,220329,NaN,76,1,2,118,0
0.143089798456688,57,220329,NaN,76,1,2,119,0
0.269835449925986,57,220329,NaN,76,1,2,120,0
0.410175256049954,57,220329,NaN,76,1,2,121,0
0.522658171018864,57,220329,NaN,76,1,2,122,0
0.583472745474747,57,220329,NaN,76,1,2,123,0
0.594583130676434,57,220329,NaN,76,1,2,124,0
0.576068093778044,57,220329,NaN,76,1,2,125,0
0.55058627950753,57,220329,NaN,76,1,2,126,0
0.52525390551614,57,220329,NaN,76,1,2,127,0
0.508020581851569,57,220329,NaN,76,1,2,128,0
0.496491481666636,57,220329,NaN,76,1,2,129,0
0.48988448489588,57,220329,NaN,76,1,2,130,0
0.485022524430899,57,220329,NaN,76,1,2,131,0
0.480421366823759,57,220329,NaN,76,1,2,132,0
0.475184809779811,57,220329,NaN,76,1,2,133,0
0.469571379886452,57,220329,NaN,76,1,2,134,0
0.46311675426122,57,220329,NaN,76,1,2,135,0
0.458982621593058,57,220329,NaN,76,1,2,136,0
0.456711108494684,57,220329,NaN,76,1,2,137,0
0.456716070891288,57,220329,NaN,76,1,2,138,0
0.456743975966319,57,220329,NaN,76,1,2,139,0
0.453382851317887,57,220329,NaN,76,1,2,140,0
0.45030065389809,57,220329,NaN,76,1,2,141,0
0.447768190061948,57,220329,NaN,76,1,2,142,0
0.447943273700252,57,220329,NaN,76,1,2,143,0
0.448195230077758,57,220329,NaN,76,1,2,144,0
0.448689167438147,57,220329,NaN,76,1,2,145,0
0.447033205212737,57,220329,NaN,76,1,2,146,0
0.442644017235089,57,220329,NaN,76,1,2,147,0
0.437590868879276,57,220329,NaN,76,1,2,148,0
0.436469615366984,57,220329,NaN,76,1,2,149,0
0.440339457400818,57,220329,NaN,76,1,2,150,0
0.443484490947458,57,220329,NaN,76,1,2,151,0
0.445861905367288,57,220329,NaN,76,1,2,152,0
0.447014688437883,57,220329,NaN,76,1,2,153,0
0.446427492513912,57,220329,NaN,76,1,2,154,0
0.44636737196175,57,220329,NaN,76,1,2,155,0
0.448509131907075,57,220329,NaN,76,1,2,156,0
0.45161095971036,57,220329,NaN,76,1,2,157,0
0.455572953178522,57,220329,NaN,76,1,2,158,0
0.460731181272294,57,220329,NaN,76,1,2,159,0
0.464296636193745,57,220329,NaN,76,1,2,160,0
0.467358178002865,57,220329,NaN,76,1,2,161,0
0.468299569875056,57,220329,NaN,76,1,2,162,0
0.468341815999657,57,220329,NaN,76,1,2,163,0
0.467640170970804,57,220329,NaN,76,1,2,164,0
0.467534487861871,57,220329,NaN,76,1,2,165,0
0.467413556730853,57,220329,NaN,76,1,2,166,0
0.464047914717688,57,220329,NaN,76,1,2,167,0
0.458399125464493,57,220329,NaN,76,1,2,168,0
0.450275277535812,57,220329,NaN,76,1,2,169,0
0.43922944536715,57,220329,NaN,76,1,2,170,0
0.422629302959581,57,220329,NaN,76,1,2,171,0
0.401627364011492,57,220329,NaN,76,1,2,172,0
0.375344979778588,57,220329,NaN,76,1,2,173,0
0.342502477266715,57,220329,NaN,76,1,2,174,0
0.305310868705606,57,220329,NaN,76,1,2,175,0
0.265970182228456,57,220329,NaN,76,1,2,176,0
0.231627382503359,57,220329,NaN,76,1,2,177,0
0.2058207927245,57,220329,NaN,76,1,2,178,0
0.186291411685957,57,220329,NaN,76,1,2,179,0
0.172451162763678,57,220329,NaN,76,1,2,180,0
0.159051824061946,57,220329,NaN,76,1,2,181,0
-0.0469407703666189,57,220329,NaN,85,1,2,100,0
-0.0437880926105698,57,220329,NaN,85,1,2,101,0
-0.0449954123353437,57,220329,NaN,85,1,2,102,0
-0.0473665309106266,57,220329,NaN,85,1,2,103,0
-0.0503049572019065,57,220329,NaN,85,1,2,104,0
-0.0562091839511671,57,220329,NaN,85,1,2,105,0
-0.0603447298263539,57,220329,NaN,85,1,2,106,0
-0.0619366450483667,57,220329,NaN,85,1,2,107,0
-0.0579884660076052,57,220329,NaN,85,1,2,108,0
-0.0485913891228807,57,220329,NaN,85,1,2,109,0
-0.036991787817598,57,220329,NaN,85,1,2,110,0
-0.0252462346494816,57,220329,NaN,85,1,2,111,0
-0.0143015777028863,57,220329,NaN,85,1,2,112,0
-0.00743598200094497,57,220329,NaN,85,1,2,113,0
-0.000738489733918102,57,220329,NaN,85,1,2,114,0
0.00500094118894667,57,220329,NaN,85,1,2,115,0
0.00848392790750374,57,220329,NaN,85,1,2,116,0
0.0257965209653219,57,220329,NaN,85,1,2,117,0
0.0750593972588119,57,220329,NaN,85,1,2,118,0
0.161525702879086,57,220329,NaN,85,1,2,119,0
0.280372988719978,57,220329,NaN,85,1,2,120,0
0.412233822777227,57,220329,NaN,85,1,2,121,0
0.511911749192465,57,220329,NaN,85,1,2,122,0
0.563457618259494,57,220329,NaN,85,1,2,123,0
0.574271367198782,57,220329,NaN,85,1,2,124,0
0.55601270472167,57,220329,NaN,85,1,2,125,0
0.526670118697054,57,220329,NaN,85,1,2,126,0
0.490750387939144,57,220329,NaN,85,1,2,127,0
0.455800951356715,57,220329,NaN,85,1,2,128,0
0.431427924998864,57,220329,NaN,85,1,2,129,0
0.419726558354459,57,220329,NaN,85,1,2,130,0
0.412312647339762,57,220329,NaN,85,1,2,131,0
0.404821139754229,57,220329,NaN,85,1,2,132,0
0.393298388130663,57,220329,NaN,85,1,2,133,0
0.381458126417058,57,220329,NaN,85,1,2,134,0
0.367549130512877,57,220329,NaN,85,1,2,135,0
0.359781600975868,57,220329,NaN,85,1,2,136,0
0.358951013540859,57,220329,NaN,85,1,2,137,0
0.360837514333082,57,220329,NaN,85,1,2,138,0
0.369045421459028,57,220329,NaN,85,1,2,139,0
0.377637887100138,57,220329,NaN,85,1,2,140,0
0.386012996961625,57,220329,NaN,85,1,2,141,0
0.393750416877466,57,220329,NaN,85,1,2,142,0
0.399972369724575,57,220329,NaN,85,1,2,143,0
0.408368075341813,57,220329,NaN,85,1,2,144,0
0.417491221547119,57,220329,NaN,85,1,2,145,0
0.421733073462948,57,220329,NaN,85,1,2,146,0
0.422540982376836,57,220329,NaN,85,1,2,147,0
0.419633964567836,57,220329,NaN,85,1,2,148,0
0.41883082030087,57,220329,NaN,85,1,2,149,0
0.422785489775769,57,220329,NaN,85,1,2,150,0
0.424457559785282,57,220329,NaN,85,1,2,151,0
0.422143553252401,57,220329,NaN,85,1,2,152,0
0.420679421260049,57,220329,NaN,85,1,2,153,0
0.421943702157265,57,220329,NaN,85,1,2,154,0
0.428804500745778,57,220329,NaN,85,1,2,155,0
0.441255928842602,57,220329,NaN,85,1,2,156,0
0.452945014514397,57,220329,NaN,85,1,2,157,0
0.463268141815376,57,220329,NaN,85,1,2,158,0
0.470872031628468,57,220329,NaN,85,1,2,159,0
0.477725814066866,57,220329,NaN,85,1,2,160,0
0.480875054170386,57,220329,NaN,85,1,2,161,0
0.480459955257799,57,220329,NaN,85,1,2,162,0
0.47053253545942,57,220329,NaN,85,1,2,163,0
0.456732748940397,57,220329,NaN,85,1,2,164,0
0.443980770787405,57,220329,NaN,85,1,2,165,0
0.440896721804429,57,220329,NaN,85,1,2,166,0
0.445344516489157,57,220329,NaN,85,1,2,167,0
0.453971870391533,57,220329,NaN,85,1,2,168,0
0.463022667095878,57,220329,NaN,85,1,2,169,0
0.465578182424747,57,220329,NaN,85,1,2,170,0
0.459744013947246,57,220329,NaN,85,1,2,171,0
0.447964739919068,57,220329,NaN,85,1,2,172,0
0.429806751791574,57,220329,NaN,85,1,2,173,0
0.402195735396398,57,220329,NaN,85,1,2,174,0
0.366286435305101,57,220329,NaN,85,1,2,175,0
0.326847736189551,57,220329,NaN,85,1,2,176,0
0.290326724491276,57,220329,NaN,85,1,2,177,0
0.2636523573651,57,220329,NaN,85,1,2,178,0
0.241314234883578,57,220329,NaN,85,1,2,179,0
0.223565551720078,57,220329,NaN,85,1,2,180,0
0.203494067940557,57,220329,NaN,85,1,2,181,0
-0.0748585205131067,57,220330,NaN,31,1,2,100,0
-0.0815666928165228,57,220330,NaN,31,1,2,101,0
-0.0904347590868723,57,220330,NaN,31,1,2,102,0
-0.0961268593590485,57,220330,NaN,31,1,2,103,0
-0.100863368147396,57,220330,NaN,31,1,2,104,0
-0.102347213329771,57,220330,NaN,31,1,2,105,0
-0.0975508199311669,57,220330,NaN,31,1,2,106,0
-0.0874774268836225,57,220330,NaN,31,1,2,107,0
-0.0703969168507576,57,220330,NaN,31,1,2,108,0
-0.049619751364901,57,220330,NaN,31,1,2,109,0
-0.024560973177904,57,220330,NaN,31,1,2,110,0
0.00030953938232503,57,220330,NaN,31,1,2,111,0
0.0250390921323356,57,220330,NaN,31,1,2,112,0
0.0442051315679248,57,220330,NaN,31,1,2,113,0
0.0543920157713578,57,220330,NaN,31,1,2,114,0
0.056166962899231,57,220330,NaN,31,1,2,115,0
0.0522973338911899,57,220330,NaN,31,1,2,116,0
0.0581027543027355,57,220330,NaN,31,1,2,117,0
0.0909275637920269,57,220330,NaN,31,1,2,118,0
0.157778884224496,57,220330,NaN,31,1,2,119,0
0.261725502984338,57,220330,NaN,31,1,2,120,0
0.385089393909792,57,220330,NaN,31,1,2,121,0
0.483233926143506,57,220330,NaN,31,1,2,122,0
0.530173048108053,57,220330,NaN,31,1,2,123,0
0.526200358857231,57,220330,NaN,31,1,2,124,0
0.486034700380856,57,220330,NaN,31,1,2,125,0
0.429138572393371,57,220330,NaN,31,1,2,126,0
0.375092882973113,57,220330,NaN,31,1,2,127,0
0.327802557066387,57,220330,NaN,31,1,2,128,0
0.289798984490168,57,220330,NaN,31,1,2,129,0
0.262289953553403,57,220330,NaN,31,1,2,130,0
0.237376410944809,57,220330,NaN,31,1,2,131,0
0.225656844239069,57,220330,NaN,31,1,2,132,0
0.225698964783437,57,220330,NaN,31,1,2,133,0
0.23429592065026,57,220330,NaN,31,1,2,134,0
0.257099324367475,57,220330,NaN,31,1,2,135,0
0.283754535489064,57,220330,NaN,31,1,2,136,0
0.302718211974064,57,220330,NaN,31,1,2,137,0
0.312574692232941,57,220330,NaN,31,1,2,138,0
0.309950974477421,57,220330,NaN,31,1,2,139,0
0.29747447738725,57,220330,NaN,31,1,2,140,0
0.283501713481812,57,220330,NaN,31,1,2,141,0
0.268625772757139,57,220330,NaN,31,1,2,142,0
0.255114422900457,57,220330,NaN,31,1,2,143,0
0.24253722037981,57,220330,NaN,31,1,2,144,0
0.23463792736983,57,220330,NaN,31,1,2,145,0
0.232243540744582,57,220330,NaN,31,1,2,146,0
0.234678652791986,57,220330,NaN,31,1,2,147,0
0.241388826963312,57,220330,NaN,31,1,2,148,0
0.246843852959509,57,220330,NaN,31,1,2,149,0
0.24970719551631,57,220330,NaN,31,1,2,150,0
0.2518820051532,57,220330,NaN,31,1,2,151,0
0.253395449513102,57,220330,NaN,31,1,2,152,0
0.258296573923357,57,220330,NaN,31,1,2,153,0
0.265098939928854,57,220330,NaN,31,1,2,154,0
0.267087982789813,57,220330,NaN,31,1,2,155,0
0.265581657154458,57,220330,NaN,31,1,2,156,0
0.253896244594063,57,220330,NaN,31,1,2,157,0
0.234965504316087,57,220330,NaN,31,1,2,158,0
0.214999857425699,57,220330,NaN,31,1,2,159,0
0.199705238454703,57,220330,NaN,31,1,2,160,0
0.190022690568445,57,220330,NaN,31,1,2,161,0
0.186568794649153,57,220330,NaN,31,1,2,162,0
0.187109789383444,57,220330,NaN,31,1,2,163,0
0.183935321779499,57,220330,NaN,31,1,2,164,0
0.173506305719207,57,220330,NaN,31,1,2,165,0
0.160931181127314,57,220330,NaN,31,1,2,166,0
0.149050230425867,57,220330,NaN,31,1,2,167,0
0.143705209126472,57,220330,NaN,31,1,2,168,0
0.141062277431083,57,220330,NaN,31,1,2,169,0
0.134284457453251,57,220330,NaN,31,1,2,170,0
0.127577481665588,57,220330,NaN,31,1,2,171,0
0.120845189252836,57,220330,NaN,31,1,2,172,0
0.107864504971966,57,220330,NaN,31,1,2,173,0
0.093956159565306,57,220330,NaN,31,1,2,174,0
0.0798327511216704,57,220330,NaN,31,1,2,175,0
0.0609593422237985,57,220330,NaN,31,1,2,176,0
0.0435746613878125,57,220330,NaN,31,1,2,177,0
0.0330200868411204,57,220330,NaN,31,1,2,178,0
0.0267865205786403,57,220330,NaN,31,1,2,179,0
0.0258295765618137,57,220330,NaN,31,1,2,180,0
0.0232992082329496,57,220330,NaN,31,1,2,181,0
-0.0565851720591635,57,220330,NaN,74,1,2,100,0
-0.0628780368912612,57,220330,NaN,74,1,2,101,0
-0.0651960157149666,57,220330,NaN,74,1,2,102,0
-0.0642316473403038,57,220330,NaN,74,1,2,103,0
-0.0597331742762481,57,220330,NaN,74,1,2,104,0
-0.0544566751290576,57,220330,NaN,74,1,2,105,0
-0.0489701732199254,57,220330,NaN,74,1,2,106,0
-0.0424455362208204,57,220330,NaN,74,1,2,107,0
-0.0348948112399544,57,220330,NaN,74,1,2,108,0
-0.0302328618167064,57,220330,NaN,74,1,2,109,0
-0.0262519886664392,57,220330,NaN,74,1,2,110,0
-0.0257391519629951,57,220330,NaN,74,1,2,111,0
-0.0240377677074178,57,220330,NaN,74,1,2,112,0
-0.0233111386561889,57,220330,NaN,74,1,2,113,0
-0.0239177036952887,57,220330,NaN,74,1,2,114,0
-0.0252840691539164,57,220330,NaN,74,1,2,115,0
-0.0255030463099701,57,220330,NaN,74,1,2,116,0
-0.00254268929159004,57,220330,NaN,74,1,2,117,0
0.0673243184166091,57,220330,NaN,74,1,2,118,0
0.19536162297892,57,220330,NaN,74,1,2,119,0
0.37694054589752,57,220330,NaN,74,1,2,120,0
0.57679164147047,57,220330,NaN,74,1,2,121,0
0.731734503754725,57,220330,NaN,74,1,2,122,0
0.806171047063604,57,220330,NaN,74,1,2,123,0
0.8043431619342,57,220330,NaN,74,1,2,124,0
0.755952460176127,57,220330,NaN,74,1,2,125,0
0.696034858819968,57,220330,NaN,74,1,2,126,0
0.643479551144004,57,220330,NaN,74,1,2,127,0
0.601140545298323,57,220330,NaN,74,1,2,128,0
0.575402540720555,57,220330,NaN,74,1,2,129,0
0.555712427253754,57,220330,NaN,74,1,2,130,0
0.535188193473048,57,220330,NaN,74,1,2,131,0
0.521626139665698,57,220330,NaN,74,1,2,132,0
0.511136668145255,57,220330,NaN,74,1,2,133,0
0.507245063875992,57,220330,NaN,74,1,2,134,0
0.513502858349455,57,220330,NaN,74,1,2,135,0
0.520117200647888,57,220330,NaN,74,1,2,136,0
0.523640872573206,57,220330,NaN,74,1,2,137,0
0.523832504250782,57,220330,NaN,74,1,2,138,0
0.513942422007035,57,220330,NaN,74,1,2,139,0
0.503891011662669,57,220330,NaN,74,1,2,140,0
0.496350235344278,57,220330,NaN,74,1,2,141,0
0.488088679738469,57,220330,NaN,74,1,2,142,0
0.480196725236313,57,220330,NaN,74,1,2,143,0
0.471705830676271,57,220330,NaN,74,1,2,144,0
0.464553762249118,57,220330,NaN,74,1,2,145,0
0.461071676671145,57,220330,NaN,74,1,2,146,0
0.463308392514305,57,220330,NaN,74,1,2,147,0
0.470110945556388,57,220330,NaN,74,1,2,148,0
0.477431532239024,57,220330,NaN,74,1,2,149,0
0.480441306812778,57,220330,NaN,74,1,2,150,0
0.476238900839833,57,220330,NaN,74,1,2,151,0
0.465223792854409,57,220330,NaN,74,1,2,152,0
0.453673248154201,57,220330,NaN,74,1,2,153,0
0.445189146377022,57,220330,NaN,74,1,2,154,0
0.434718693684659,57,220330,NaN,74,1,2,155,0
0.424765119311527,57,220330,NaN,74,1,2,156,0
0.412621003880196,57,220330,NaN,74,1,2,157,0
0.402025838976923,57,220330,NaN,74,1,2,158,0
0.393584276763438,57,220330,NaN,74,1,2,159,0
0.384942127549709,57,220330,NaN,74,1,2,160,0
0.375872557891123,57,220330,NaN,74,1,2,161,0
0.363290856953266,57,220330,NaN,74,1,2,162,0
0.341255659265248,57,220330,NaN,74,1,2,163,0
0.312909844864275,57,220330,NaN,74,1,2,164,0
0.282651652588123,57,220330,NaN,74,1,2,165,0
0.252622020937785,57,220330,NaN,74,1,2,166,0
0.230002825757705,57,220330,NaN,74,1,2,167,0
0.215197789842238,57,220330,NaN,74,1,2,168,0
0.209577381480275,57,220330,NaN,74,1,2,169,0
0.208203639093152,57,220330,NaN,74,1,2,170,0
0.206526217028372,57,220330,NaN,74,1,2,171,0
0.202885070131453,57,220330,NaN,74,1,2,172,0
0.196123174077274,57,220330,NaN,74,1,2,173,0
0.186508793302363,57,220330,NaN,74,1,2,174,0
0.177714668660963,57,220330,NaN,74,1,2,175,0
0.167492359383605,57,220330,NaN,74,1,2,176,0
0.157637374566989,57,220330,NaN,74,1,2,177,0
0.145244485207599,57,220330,NaN,74,1,2,178,0
0.131553810588199,57,220330,NaN,74,1,2,179,0
0.118315911693654,57,220330,NaN,74,1,2,180,0
0.109151336156112,57,220330,NaN,74,1,2,181,0
0.0212581608318594,57,220331,NaN,67,1,2,100,0
0.0202455794230508,57,220331,NaN,67,1,2,101,0
0.0170333329012968,57,220331,NaN,67,1,2,102,0
0.0121626661763069,57,220331,NaN,67,1,2,103,0
0.00717088092153317,57,220331,NaN,67,1,2,104,0
0.00158003283943808,57,220331,NaN,67,1,2,105,0
-0.0037602236139832,57,220331,NaN,67,1,2,106,0
-0.0071701774695192,57,220331,NaN,67,1,2,107,0
-0.00997276455113627,57,220331,NaN,67,1,2,108,0
-0.0122743360219925,57,220331,NaN,67,1,2,109,0
-0.0170957884904631,57,220331,NaN,67,1,2,110,0
-0.0241633719452518,57,220331,NaN,67,1,2,111,0
-0.0315401843269649,57,220331,NaN,67,1,2,112,0
-0.0349580364846704,57,220331,NaN,67,1,2,113,0
-0.0330662191584552,57,220331,NaN,67,1,2,114,0
-0.0317756169695096,57,220331,NaN,67,1,2,115,0
-0.0325492599416853,57,220331,NaN,67,1,2,116,0
-0.0292574799062231,57,220331,NaN,67,1,2,117,0
-0.00489415378613201,57,220331,NaN,67,1,2,118,0
0.0572461476941299,57,220331,NaN,67,1,2,119,0
0.15703897271023,57,220331,NaN,67,1,2,120,0
0.273096221225884,57,220331,NaN,67,1,2,121,0
0.372728778641352,57,220331,NaN,67,1,2,122,0
0.433197688831812,57,220331,NaN,67,1,2,123,0
0.453845264143798,57,220331,NaN,67,1,2,124,0
0.454389420197932,57,220331,NaN,67,1,2,125,0
0.448242900938506,57,220331,NaN,67,1,2,126,0
0.441285438819275,57,220331,NaN,67,1,2,127,0
0.440713240405168,57,220331,NaN,67,1,2,128,0
0.438088914322821,57,220331,NaN,67,1,2,129,0
0.429594021947818,57,220331,NaN,67,1,2,130,0
0.420811149439221,57,220331,NaN,67,1,2,131,0
0.409833745619775,57,220331,NaN,67,1,2,132,0
0.399913107996806,57,220331,NaN,67,1,2,133,0
0.393592079244897,57,220331,NaN,67,1,2,134,0
0.385386198750505,57,220331,NaN,67,1,2,135,0
0.37635766198826,57,220331,NaN,67,1,2,136,0
0.369321677883581,57,220331,NaN,67,1,2,137,0
0.361640574353339,57,220331,NaN,67,1,2,138,0
0.357668863791727,57,220331,NaN,67,1,2,139,0
0.355514686164084,57,220331,NaN,67,1,2,140,0
0.34968298513843,57,220331,NaN,67,1,2,141,0
0.347443767300335,57,220331,NaN,67,1,2,142,0
0.349409489165313,57,220331,NaN,67,1,2,143,0
0.350664140928029,57,220331,NaN,67,1,2,144,0
0.354064820838398,57,220331,NaN,67,1,2,145,0
0.355097129617881,57,220331,NaN,67,1,2,146,0
0.349949593900301,57,220331,NaN,67,1,2,147,0
0.344495417589738,57,220331,NaN,67,1,2,148,0
0.335061373053944,57,220331,NaN,67,1,2,149,0
0.32635556036376,57,220331,NaN,67,1,2,150,0
0.323672114110528,57,220331,NaN,67,1,2,151,0
0.318311497853994,57,220331,NaN,67,1,2,152,0
0.31616231693401,57,220331,NaN,67,1,2,153,0
0.316636835531659,57,220331,NaN,67,1,2,154,0
0.315545175782721,57,220331,NaN,67,1,2,155,0
0.31582410836094,57,220331,NaN,67,1,2,156,0
0.313153227073411,57,220331,NaN,67,1,2,157,0
0.305303393448344,57,220331,NaN,67,1,2,158,0
0.296341889606945,57,220331,NaN,67,1,2,159,0
0.288705736181094,57,220331,NaN,67,1,2,160,0
0.285619747110233,57,220331,NaN,67,1,2,161,0
0.290836313081358,57,220331,NaN,67,1,2,162,0
0.299928975885531,57,220331,NaN,67,1,2,163,0
0.312118117552101,57,220331,NaN,67,1,2,164,0
0.323731299533057,57,220331,NaN,67,1,2,165,0
0.33286629563549,57,220331,NaN,67,1,2,166,0
0.341694337101523,57,220331,NaN,67,1,2,167,0
0.350107309865196,57,220331,NaN,67,1,2,168,0
0.357774348153815,57,220331,NaN,67,1,2,169,0
0.36462163559375,57,220331,NaN,67,1,2,170,0
0.369035375054696,57,220331,NaN,67,1,2,171,0
0.371877354577697,57,220331,NaN,67,1,2,172,0
0.371302693070301,57,220331,NaN,67,1,2,173,0
0.368122547138185,57,220331,NaN,67,1,2,174,0
0.363251386938567,57,220331,NaN,67,1,2,175,0
0.356866023175374,57,220331,NaN,67,1,2,176,0
0.343414976687545,57,220331,NaN,67,1,2,177,0
0.322918831179298,57,220331,NaN,67,1,2,178,0
0.302279813299074,57,220331,NaN,67,1,2,179,0
0.28460340049998,57,220331,NaN,67,1,2,180,0
0.269373085795078,57,220331,NaN,67,1,2,181,0
-0.0227830745869063,57,220331,NaN,70,1,2,100,0
-0.0266557031543105,57,220331,NaN,70,1,2,101,0
-0.0350394194474509,57,220331,NaN,70,1,2,102,0
-0.0437062512864407,57,220331,NaN,70,1,2,103,0
-0.0483292632591211,57,220331,NaN,70,1,2,104,0
-0.0451242437683222,57,220331,NaN,70,1,2,105,0
-0.035326553212617,57,220331,NaN,70,1,2,106,0
-0.0308352189223019,57,220331,NaN,70,1,2,107,0
-0.0242672403104734,57,220331,NaN,70,1,2,108,0
-0.019825161643923,57,220331,NaN,70,1,2,109,0
-0.0158651540385442,57,220331,NaN,70,1,2,110,0
-0.00745668628774876,57,220331,NaN,70,1,2,111,0
-0.00154968034165048,57,220331,NaN,70,1,2,112,0
-0.000400884116977251,57,220331,NaN,70,1,2,113,0
0.00227343781794453,57,220331,NaN,70,1,2,114,0
0.00256388958953291,57,220331,NaN,70,1,2,115,0
0.00156042189751759,57,220331,NaN,70,1,2,116,0
0.00501736560298549,57,220331,NaN,70,1,2,117,0
0.0333050485994989,57,220331,NaN,70,1,2,118,0
0.095588670131027,57,220331,NaN,70,1,2,119,0
0.194072626151373,57,220331,NaN,70,1,2,120,0
0.303506026735632,57,220331,NaN,70,1,2,121,0
0.395285539241845,57,220331,NaN,70,1,2,122,0
0.444397919525256,57,220331,NaN,70,1,2,123,0
0.452907537967012,57,220331,NaN,70,1,2,124,0
0.443216368873233,57,220331,NaN,70,1,2,125,0
0.420219286037176,57,220331,NaN,70,1,2,126,0
0.398208112875793,57,220331,NaN,70,1,2,127,0
0.375120291259095,57,220331,NaN,70,1,2,128,0
0.349164309713615,57,220331,NaN,70,1,2,129,0
0.326823232214651,57,220331,NaN,70,1,2,130,0
0.315214002670791,57,220331,NaN,70,1,2,131,0
0.307901065831814,57,220331,NaN,70,1,2,132,0
0.305584685665448,57,220331,NaN,70,1,2,133,0
0.304901676088145,57,220331,NaN,70,1,2,134,0
0.301313361154344,57,220331,NaN,70,1,2,135,0
0.301460720181703,57,220331,NaN,70,1,2,136,0
0.297326060218717,57,220331,NaN,70,1,2,137,0
0.292534188102389,57,220331,NaN,70,1,2,138,0
0.29281649592124,57,220331,NaN,70,1,2,139,0
0.286204408720722,57,220331,NaN,70,1,2,140,0
0.273927228296445,57,220331,NaN,70,1,2,141,0
0.266398940159897,57,220331,NaN,70,1,2,142,0
0.259568792942518,57,220331,NaN,70,1,2,143,0
0.253638513780947,57,220331,NaN,70,1,2,144,0
0.253066366215929,57,220331,NaN,70,1,2,145,0
0.248496652065353,57,220331,NaN,70,1,2,146,0
0.243685597702202,57,220331,NaN,70,1,2,147,0
0.24608381291594,57,220331,NaN,70,1,2,148,0
0.243896403793474,57,220331,NaN,70,1,2,149,0
0.248232983027931,57,220331,NaN,70,1,2,150,0
0.255014186908431,57,220331,NaN,70,1,2,151,0
0.255782321690866,57,220331,NaN,70,1,2,152,0
0.261126409642893,57,220331,NaN,70,1,2,153,0
0.264570591438301,57,220331,NaN,70,1,2,154,0
0.269349476197247,57,220331,NaN,70,1,2,155,0
0.275298344653741,57,220331,NaN,70,1,2,156,0
0.279532283055654,57,220331,NaN,70,1,2,157,0
0.27968471967324,57,220331,NaN,70,1,2,158,0
0.28181771661329,57,220331,NaN,70,1,2,159,0
0.286569169310393,57,220331,NaN,70,1,2,160,0
0.291511455749105,57,220331,NaN,70,1,2,161,0
0.292132476889955,57,220331,NaN,70,1,2,162,0
0.286987883602259,57,220331,NaN,70,1,2,163,0
0.278550767274173,57,220331,NaN,70,1,2,164,0
0.26612433127587,57,220331,NaN,70,1,2,165,0
0.254600359714238,57,220331,NaN,70,1,2,166,0
0.243812945866141,57,220331,NaN,70,1,2,167,0
0.234680700527468,57,220331,NaN,70,1,2,168,0
0.231691861261306,57,220331,NaN,70,1,2,169,0
0.234978862192504,57,220331,NaN,70,1,2,170,0
0.244867012660175,57,220331,NaN,70,1,2,171,0
0.254960433525118,57,220331,NaN,70,1,2,172,0
0.263846926689065,57,220331,NaN,70,1,2,173,0
0.270039105465991,57,220331,NaN,70,1,2,174,0
0.272702596897395,57,220331,NaN,70,1,2,175,0
0.273359786711045,57,220331,NaN,70,1,2,176,0
0.268246461719331,57,220331,NaN,70,1,2,177,0
0.25520068227928,57,220331,NaN,70,1,2,178,0
0.241466508765885,57,220331,NaN,70,1,2,179,0
0.231244101330649,57,220331,NaN,70,1,2,180,0
0.220129874107847,57,220331,NaN,70,1,2,181,0
0.0938775062309593,62,221008,NaN,2,1,2,100,0
0.0605771561314291,62,221008,NaN,2,1,2,101,0
0.0255652478369228,62,221008,NaN,2,1,2,102,0
0.00406455174322823,62,221008,NaN,2,1,2,103,0
-0.00525197407142697,62,221008,NaN,2,1,2,104,0
-0.00633805202172183,62,221008,NaN,2,1,2,105,0
-0.000508641738917737,62,221008,NaN,2,1,2,106,0
0.00120283824243106,62,221008,NaN,2,1,2,107,0
0.00427369589553778,62,221008,NaN,2,1,2,108,0
0.00781692277172324,62,221008,NaN,2,1,2,109,0
0.00629495777806172,62,221008,NaN,2,1,2,110,0
-0.000892332672431773,62,221008,NaN,2,1,2,111,0
-0.0117391542903458,62,221008,NaN,2,1,2,112,0
-0.0291069872865464,62,221008,NaN,2,1,2,113,0
-0.0436375102679117,62,221008,NaN,2,1,2,114,0
-0.052709390722111,62,221008,NaN,2,1,2,115,0
-0.0608449799834891,62,221008,NaN,2,1,2,116,0
-0.0545077191423257,62,221008,NaN,2,1,2,117,0
-0.0243237312841583,62,221008,NaN,2,1,2,118,0
0.0392007750396884,62,221008,NaN,2,1,2,119,0
0.140864328042364,62,221008,NaN,2,1,2,120,0
0.266332022184342,62,221008,NaN,2,1,2,121,0
0.38958634858685,62,221008,NaN,2,1,2,122,0
0.491502820279937,62,221008,NaN,2,1,2,123,0
0.558668127517642,62,221008,NaN,2,1,2,124,0
0.591776803280529,62,221008,NaN,2,1,2,125,0
0.590417153617093,62,221008,NaN,2,1,2,126,0
0.563313521044453,62,221008,NaN,2,1,2,127,0
0.525484708345575,62,221008,NaN,2,1,2,128,0
0.487703781114589,62,221008,NaN,2,1,2,129,0
0.456664034786483,62,221008,NaN,2,1,2,130,0
0.435192877622449,62,221008,NaN,2,1,2,131,0
0.422451545370273,62,221008,NaN,2,1,2,132,0
0.420117508210457,62,221008,NaN,2,1,2,133,0
0.417017785063081,62,221008,NaN,2,1,2,134,0
0.412799084664898,62,221008,NaN,2,1,2,135,0
0.408226087918601,62,221008,NaN,2,1,2,136,0
0.397639271089435,62,221008,NaN,2,1,2,137,0
0.391880595047745,62,221008,NaN,2,1,2,138,0
0.39274806227021,62,221008,NaN,2,1,2,139,0
0.406253344812269,62,221008,NaN,2,1,2,140,0
0.42446923321419,62,221008,NaN,2,1,2,141,0
0.43161924345632,62,221008,NaN,2,1,2,142,0
0.429329296783176,62,221008,NaN,2,1,2,143,0
0.422863253612078,62,221008,NaN,2,1,2,144,0
0.412353923265005,62,221008,NaN,2,1,2,145,0
0.401915178416655,62,221008,NaN,2,1,2,146,0
0.395057783962964,62,221008,NaN,2,1,2,147,0
0.394154686593642,62,221008,NaN,2,1,2,148,0
0.395867469593099,62,221008,NaN,2,1,2,149,0
0.396106757847785,62,221008,NaN,2,1,2,150,0
0.398031109891083,62,221008,NaN,2,1,2,151,0
0.40866116614829,62,221008,NaN,2,1,2,152,0
0.42207199353662,62,221008,NaN,2,1,2,153,0
0.438643406156625,62,221008,NaN,2,1,2,154,0
0.454650704954014,62,221008,NaN,2,1,2,155,0
0.458359043413867,62,221008,NaN,2,1,2,156,0
0.456879157999508,62,221008,NaN,2,1,2,157,0
0.449578961274786,62,221008,NaN,2,1,2,158,0
0.43426077149192,62,221008,NaN,2,1,2,159,0
0.418571021440231,62,221008,NaN,2,1,2,160,0
0.408178724540033,62,221008,NaN,2,1,2,161,0
0.40901609430873,62,221008,NaN,2,1,2,162,0
0.421676663239813,62,221008,NaN,2,1,2,163,0
0.443963024496411,62,221008,NaN,2,1,2,164,0
0.460957495075845,62,221008,NaN,2,1,2,165,0
0.479176421872467,62,221008,NaN,2,1,2,166,0
0.489699107570864,62,221008,NaN,2,1,2,167,0
0.498063252083862,62,221008,NaN,2,1,2,168,0
0.504795865141353,62,221008,NaN,2,1,2,169,0
0.510807536875709,62,221008,NaN,2,1,2,170,0
0.511304544265534,62,221008,NaN,2,1,2,171,0
0.506236001820009,62,221008,NaN,2,1,2,172,0
0.492794644782736,62,221008,NaN,2,1,2,173,0
0.473115756757935,62,221008,NaN,2,1,2,174,0
0.457486163349756,62,221008,NaN,2,1,2,175,0
0.445238293089056,62,221008,NaN,2,1,2,176,0
0.43633176372307,62,221008,NaN,2,1,2,177,0
0.430953874452848,62,221008,NaN,2,1,2,178,0
0.425927512351186,62,221008,NaN,2,1,2,179,0
0.425153326958416,62,221008,NaN,2,1,2,180,0
0.422412527922251,62,221008,NaN,2,1,2,181,0
0.00372964948385623,62,221008,NaN,4,1,2,100,0
-0.0190651694289333,62,221008,NaN,4,1,2,101,0
-0.0338773232123962,62,221008,NaN,4,1,2,102,0
-0.0351606678298574,62,221008,NaN,4,1,2,103,0
-0.0255460608122506,62,221008,NaN,4,1,2,104,0
-0.00974958125720438,62,221008,NaN,4,1,2,105,0
-0.000354043723885256,62,221008,NaN,4,1,2,106,0
0.0009744721901076,62,221008,NaN,4,1,2,107,0
0.0019118767712234,62,221008,NaN,4,1,2,108,0
-0.00144989998085143,62,221008,NaN,4,1,2,109,0
-0.0101319903537095,62,221008,NaN,4,1,2,110,0
-0.0195219931404645,62,221008,NaN,4,1,2,111,0
-0.0255658448015977,62,221008,NaN,4,1,2,112,0
-0.0257846628516127,62,221008,NaN,4,1,2,113,0
-0.0123704272745689,62,221008,NaN,4,1,2,114,0
-0.00151795483917894,62,221008,NaN,4,1,2,115,0
0.0116591059142137,62,221008,NaN,4,1,2,116,0
0.0230173676238244,62,221008,NaN,4,1,2,117,0
0.0325580979712757,62,221008,NaN,4,1,2,118,0
0.056046111154044,62,221008,NaN,4,1,2,119,0
0.0939285878818202,62,221008,NaN,4,1,2,120,0
0.145142357915456,62,221008,NaN,4,1,2,121,0
0.204297879715787,62,221008,NaN,4,1,2,122,0
0.245151682734604,62,221008,NaN,4,1,2,123,0
0.263080139674157,62,221008,NaN,4,1,2,124,0
0.259946503880949,62,221008,NaN,4,1,2,125,0
0.241487107793232,62,221008,NaN,4,1,2,126,0
0.225164221474595,62,221008,NaN,4,1,2,127,0
0.218314574057697,62,221008,NaN,4,1,2,128,0
0.213796864517662,62,221008,NaN,4,1,2,129,0
0.213207080286025,62,221008,NaN,4,1,2,130,0
0.213013220351538,62,221008,NaN,4,1,2,131,0
0.210272589826771,62,221008,NaN,4,1,2,132,0
0.200990267787196,62,221008,NaN,4,1,2,133,0
0.184897212942092,62,221008,NaN,4,1,2,134,0
0.171818186736983,62,221008,NaN,4,1,2,135,0
0.164954833597716,62,221008,NaN,4,1,2,136,0
0.164253638730385,62,221008,NaN,4,1,2,137,0
0.165794808695182,62,221008,NaN,4,1,2,138,0
0.169036706012013,62,221008,NaN,4,1,2,139,0
0.169559058121964,62,221008,NaN,4,1,2,140,0
0.16401286599453,62,221008,NaN,4,1,2,141,0
0.156749305295708,62,221008,NaN,4,1,2,142,0
0.152135437809973,62,221008,NaN,4,1,2,143,0
0.1451751475661,62,221008,NaN,4,1,2,144,0
0.138266733143037,62,221008,NaN,4,1,2,145,0
0.13493339643069,62,221008,NaN,4,1,2,146,0
0.131589829267377,62,221008,NaN,4,1,2,147,0
0.13836630583256,62,221008,NaN,4,1,2,148,0
0.147561882384113,62,221008,NaN,4,1,2,149,0
0.162656327252049,62,221008,NaN,4,1,2,150,0
0.181407237132836,62,221008,NaN,4,1,2,151,0
0.189777017615859,62,221008,NaN,4,1,2,152,0
0.186789089354637,62,221008,NaN,4,1,2,153,0
0.177760018465993,62,221008,NaN,4,1,2,154,0
0.163356971838479,62,221008,NaN,4,1,2,155,0
0.155526516990703,62,221008,NaN,4,1,2,156,0
0.158493924135777,62,221008,NaN,4,1,2,157,0
0.166603420380345,62,221008,NaN,4,1,2,158,0
0.18293503488951,62,221008,NaN,4,1,2,159,0
0.201188527148378,62,221008,NaN,4,1,2,160,0
0.212381516208895,62,221008,NaN,4,1,2,161,0
0.226096528397982,62,221008,NaN,4,1,2,162,0
0.236036342864112,62,221008,NaN,4,1,2,163,0
0.237651822040569,62,221008,NaN,4,1,2,164,0
0.231653670401346,62,221008,NaN,4,1,2,165,0
0.219377670414561,62,221008,NaN,4,1,2,166,0
0.205099181405723,62,221008,NaN,4,1,2,167,0
0.186957354753661,62,221008,NaN,4,1,2,168,0
0.166671333195381,62,221008,NaN,4,1,2,169,0
0.148536928938197,62,221008,NaN,4,1,2,170,0
0.139551741075008,62,221008,NaN,4,1,2,171,0
0.131743348843731,62,221008,NaN,4,1,2,172,0
0.129771359125699,62,221008,NaN,4,1,2,173,0
0.135848867697323,62,221008,NaN,4,1,2,174,0
0.140095886408971,62,221008,NaN,4,1,2,175,0
0.137789396962398,62,221008,NaN,4,1,2,176,0
0.126383443218557,62,221008,NaN,4,1,2,177,0
0.105887954057594,62,221008,NaN,4,1,2,178,0
0.0812387060300952,62,221008,NaN,4,1,2,179,0
0.060197199692207,62,221008,NaN,4,1,2,180,0
0.0465350734077004,62,221008,NaN,4,1,2,181,0
0.0148969283082804,62,221008,NaN,242,1,2,100,0
0.0237447469489493,62,221008,NaN,242,1,2,101,0
0.0258510838723524,62,221008,NaN,242,1,2,102,0
0.0184757753351509,62,221008,NaN,242,1,2,103,0
-0.00129666763895686,62,221008,NaN,242,1,2,104,0
-0.0230505779444364,62,221008,NaN,242,1,2,105,0
-0.0489717162879664,62,221008,NaN,242,1,2,106,0
-0.0645940938763675,62,221008,NaN,242,1,2,107,0
-0.0626612073248501,62,221008,NaN,242,1,2,108,0
-0.0561607958180603,62,221008,NaN,242,1,2,109,0
-0.0397651404842698,62,221008,NaN,242,1,2,110,0
-0.0269839882074724,62,221008,NaN,242,1,2,111,0
-0.02150990409049,62,221008,NaN,242,1,2,112,0
-0.0186923110878424,62,221008,NaN,242,1,2,113,0
-0.0172010880386947,62,221008,NaN,242,1,2,114,0
-0.0167486667634552,62,221008,NaN,242,1,2,115,0
-0.00671781446668995,62,221008,NaN,242,1,2,116,0
0.00894982223146434,62,221008,NaN,242,1,2,117,0
0.038612278634276,62,221008,NaN,242,1,2,118,0
0.10065257944611,62,221008,NaN,242,1,2,119,0
0.188067685561248,62,221008,NaN,242,1,2,120,0
0.290101611544014,62,221008,NaN,242,1,2,121,0
0.375556366271612,62,221008,NaN,242,1,2,122,0
0.414829476346405,62,221008,NaN,242,1,2,123,0
0.411654640410027,62,221008,NaN,242,1,2,124,0
0.381194765838133,62,221008,NaN,242,1,2,125,0
0.353461223256439,62,221008,NaN,242,1,2,126,0
0.33458161996302,62,221008,NaN,242,1,2,127,0
0.328130714331476,62,221008,NaN,242,1,2,128,0
0.332403654834771,62,221008,NaN,242,1,2,129,0
0.33828251555876,62,221008,NaN,242,1,2,130,0
0.33616102550958,62,221008,NaN,242,1,2,131,0
0.322320097986607,62,221008,NaN,242,1,2,132,0
0.299549619708702,62,221008,NaN,242,1,2,133,0
0.281563515275585,62,221008,NaN,242,1,2,134,0
0.270837714811518,62,221008,NaN,242,1,2,135,0
0.264099274817454,62,221008,NaN,242,1,2,136,0
0.25587235210746,62,221008,NaN,242,1,2,137,0
0.243476383717798,62,221008,NaN,242,1,2,138,0
0.222663399953388,62,221008,NaN,242,1,2,139,0
0.196245197308733,62,221008,NaN,242,1,2,140,0
0.176068472457091,62,221008,NaN,242,1,2,141,0
0.169312169378367,62,221008,NaN,242,1,2,142,0
0.183224409954397,62,221008,NaN,242,1,2,143,0
0.203165791789704,62,221008,NaN,242,1,2,144,0
0.23016314506298,62,221008,NaN,242,1,2,145,0
0.249765096944775,62,221008,NaN,242,1,2,146,0
0.261176575645329,62,221008,NaN,242,1,2,147,0
0.269120685348783,62,221008,NaN,242,1,2,148,0
0.268304191285369,62,221008,NaN,242,1,2,149,0
0.269743303349865,62,221008,NaN,242,1,2,150,0
0.25551696097762,62,221008,NaN,242,1,2,151,0
0.246588304999135,62,221008,NaN,242,1,2,152,0
0.240664614042924,62,221008,NaN,242,1,2,153,0
0.22938447044715,62,221008,NaN,242,1,2,154,0
0.211803388108499,62,221008,NaN,242,1,2,155,0
0.191211172537683,62,221008,NaN,242,1,2,156,0
0.166597125103499,62,221008,NaN,242,1,2,157,0
0.154788794654165,62,221008,NaN,242,1,2,158,0
0.163572513966621,62,221008,NaN,242,1,2,159,0
0.174647365378064,62,221008,NaN,242,1,2,160,0
0.200928678272243,62,221008,NaN,242,1,2,161,0
0.22651046886767,62,221008,NaN,242,1,2,162,0
0.245077375124383,62,221008,NaN,242,1,2,163,0
0.25464508735923,62,221008,NaN,242,1,2,164,0
0.255689440739567,62,221008,NaN,242,1,2,165,0
0.249892329073621,62,221008,NaN,242,1,2,166,0
0.23863273084607,62,221008,NaN,242,1,2,167,0
0.231665787643813,62,221008,NaN,242,1,2,168,0
0.23054409939302,62,221008,NaN,242,1,2,169,0
0.23397744723689,62,221008,NaN,242,1,2,170,0
0.235577998495253,62,221008,NaN,242,1,2,171,0
0.229602585504297,62,221008,NaN,242,1,2,172,0
0.21958701761557,62,221008,NaN,242,1,2,173,0
0.205876903724394,62,221008,NaN,242,1,2,174,0
0.174849498723834,62,221008,NaN,242,1,2,175,0
0.144863658275733,62,221008,NaN,242,1,2,176,0
0.129930044126102,62,221008,NaN,242,1,2,177,0
0.127612280705307,62,221008,NaN,242,1,2,178,0
0.134103900120312,62,221008,NaN,242,1,2,179,0
0.135306016307546,62,221008,NaN,242,1,2,180,0
0.129223423875984,62,221008,NaN,242,1,2,181,0
-0.0878173503130278,62,221009,NaN,25,1,2,100,0
-0.0645536278456413,62,221009,NaN,25,1,2,101,0
-0.0455966541110379,62,221009,NaN,25,1,2,102,0
-0.0321882139127231,62,221009,NaN,25,1,2,103,0
-0.0390227281549723,62,221009,NaN,25,1,2,104,0
-0.0500763029760374,62,221009,NaN,25,1,2,105,0
-0.0474528750661983,62,221009,NaN,25,1,2,106,0
-0.0331630999053494,62,221009,NaN,25,1,2,107,0
-0.00715505775450209,62,221009,NaN,25,1,2,108,0
0.0222195393884084,62,221009,NaN,25,1,2,109,0
0.030485105559215,62,221009,NaN,25,1,2,110,0
0.027594631424807,62,221009,NaN,25,1,2,111,0
0.0306899055249669,62,221009,NaN,25,1,2,112,0
0.031497832083669,62,221009,NaN,25,1,2,113,0
0.0295744520785479,62,221009,NaN,25,1,2,114,0
0.0169954041743889,62,221009,NaN,25,1,2,115,0
-0.00240777638513678,62,221009,NaN,25,1,2,116,0
-0.0136643374511444,62,221009,NaN,25,1,2,117,0
0.00585928196610941,62,221009,NaN,25,1,2,118,0
0.0478294613783469,62,221009,NaN,25,1,2,119,0
0.0925350599842863,62,221009,NaN,25,1,2,120,0
0.125708429931314,62,221009,NaN,25,1,2,121,0
0.13349341592136,62,221009,NaN,25,1,2,122,0
0.1274534121746,62,221009,NaN,25,1,2,123,0
0.108318754292293,62,221009,NaN,25,1,2,124,0
0.0790637833325675,62,221009,NaN,25,1,2,125,0
0.0400421654830156,62,221009,NaN,25,1,2,126,0
0.0263367651376347,62,221009,NaN,25,1,2,127,0
0.02685936399956,62,221009,NaN,25,1,2,128,0
0.0668044674056949,62,221009,NaN,25,1,2,129,0
0.131569121615807,62,221009,NaN,25,1,2,130,0
0.190016459754647,62,221009,NaN,25,1,2,131,0
0.223475319611547,62,221009,NaN,25,1,2,132,0
0.234413138185016,62,221009,NaN,25,1,2,133,0
0.221778951560731,62,221009,NaN,25,1,2,134,0
0.19958315325709,62,221009,NaN,25,1,2,135,0
0.17797985326488,62,221009,NaN,25,1,2,136,0
0.151392978809356,62,221009,NaN,25,1,2,137,0
0.119888802008104,62,221009,NaN,25,1,2,138,0
0.0744290577660582,62,221009,NaN,25,1,2,139,0
0.0190355226954523,62,221009,NaN,25,1,2,140,0
-0.0321107710741556,62,221009,NaN,25,1,2,141,0
-0.080661594890274,62,221009,NaN,25,1,2,142,0
-0.125144077384718,62,221009,NaN,25,1,2,143,0
-0.155737703346754,62,221009,NaN,25,1,2,144,0
-0.173298675728484,62,221009,NaN,25,1,2,145,0
-0.15588953762993,62,221009,NaN,25,1,2,146,0
-0.123602572520548,62,221009,NaN,25,1,2,147,0
-0.090828799099977,62,221009,NaN,25,1,2,148,0
-0.0750802809532978,62,221009,NaN,25,1,2,149,0
-0.0855363520419414,62,221009,NaN,25,1,2,150,0
-0.110036937388772,62,221009,NaN,25,1,2,151,0
-0.124385012477202,62,221009,NaN,25,1,2,152,0
-0.120153676893436,62,221009,NaN,25,1,2,153,0
-0.108378192077047,62,221009,NaN,25,1,2,154,0
-0.0928746216924492,62,221009,NaN,25,1,2,155,0
-0.098571442582439,62,221009,NaN,25,1,2,156,0
-0.120934325905647,62,221009,NaN,25,1,2,157,0
-0.148704357132803,62,221009,NaN,25,1,2,158,0
-0.17876888386723,62,221009,NaN,25,1,2,159,0
-0.203483046075751,62,221009,NaN,25,1,2,160,0
-0.226512400608716,62,221009,NaN,25,1,2,161,0
-0.254833167045215,62,221009,NaN,25,1,2,162,0
-0.286339058506864,62,221009,NaN,25,1,2,163,0
-0.313747983625572,62,221009,NaN,25,1,2,164,0
-0.334585171385729,62,221009,NaN,25,1,2,165,0
-0.343820877332644,62,221009,NaN,25,1,2,166,0
-0.339102444822165,62,221009,NaN,25,1,2,167,0
-0.31238180288192,62,221009,NaN,25,1,2,168,0
-0.261646833852692,62,221009,NaN,25,1,2,169,0
-0.198563785645652,62,221009,NaN,25,1,2,170,0
-0.120286236523499,62,221009,NaN,25,1,2,171,0
-0.0531970027589045,62,221009,NaN,25,1,2,172,0
-0.0255538884634458,62,221009,NaN,25,1,2,173,0
-0.0289143570922176,62,221009,NaN,25,1,2,174,0
-0.0548625304879139,62,221009,NaN,25,1,2,175,0
-0.0806774739079992,62,221009,NaN,25,1,2,176,0
-0.0906037641413957,62,221009,NaN,25,1,2,177,0
-0.0752012745515844,62,221009,NaN,25,1,2,178,0
-0.0403591919071151,62,221009,NaN,25,1,2,179,0
0.013846186121753,62,221009,NaN,25,1,2,180,0
0.0722294822420997,62,221009,NaN,25,1,2,181,0
-0.0687808837880681,63,221007,NaN,2,1,2,100,0
-0.0495063427130625,63,221007,NaN,2,1,2,101,0
-0.0304922964371739,63,221007,NaN,2,1,2,102,0
-0.0169867137347595,63,221007,NaN,2,1,2,103,0
-0.00757987803155341,63,221007,NaN,2,1,2,104,0
-0.00143937391364285,63,221007,NaN,2,1,2,105,0
0.00276555257496797,63,221007,NaN,2,1,2,106,0
0.00611186710849893,63,221007,NaN,2,1,2,107,0
0.00604135152863983,63,221007,NaN,2,1,2,108,0
-0.000842775713654542,63,221007,NaN,2,1,2,109,0
-0.0110250662917432,63,221007,NaN,2,1,2,110,0
-0.0236109974978703,63,221007,NaN,2,1,2,111,0
-0.038225188085267,63,221007,NaN,2,1,2,112,0
-0.0510440350795489,63,221007,NaN,2,1,2,113,0
-0.0573724274243147,63,221007,NaN,2,1,2,114,0
-0.0544500902043114,63,221007,NaN,2,1,2,115,0
-0.0460721741594936,63,221007,NaN,2,1,2,116,0
-0.0197304466548823,63,221007,NaN,2,1,2,117,0
0.0385361055451694,63,221007,NaN,2,1,2,118,0
0.119487616544505,63,221007,NaN,2,1,2,119,0
0.235435312639496,63,221007,NaN,2,1,2,120,0
0.364602463732488,63,221007,NaN,2,1,2,121,0
0.471152168616641,63,221007,NaN,2,1,2,122,0
0.54284927236378,63,221007,NaN,2,1,2,123,0
0.566656969686798,63,221007,NaN,2,1,2,124,0
0.553716484169843,63,221007,NaN,2,1,2,125,0
0.521915100599555,63,221007,NaN,2,1,2,126,0
0.476689613688011,63,221007,NaN,2,1,2,127,0
0.427791325644759,63,221007,NaN,2,1,2,128,0
0.386000973671492,63,221007,NaN,2,1,2,129,0
0.344783414960941,63,221007,NaN,2,1,2,130,0
0.318954566779698,63,221007,NaN,2,1,2,131,0
0.307352248951705,63,221007,NaN,2,1,2,132,0
0.303333625966775,63,221007,NaN,2,1,2,133,0
0.303200466273195,63,221007,NaN,2,1,2,134,0
0.301522412141339,63,221007,NaN,2,1,2,135,0
0.29894002668803,63,221007,NaN,2,1,2,136,0
0.299412147433431,63,221007,NaN,2,1,2,137,0
0.305785432811002,63,221007,NaN,2,1,2,138,0
0.310206860957386,63,221007,NaN,2,1,2,139,0
0.313221557287596,63,221007,NaN,2,1,2,140,0
0.305057189154993,63,221007,NaN,2,1,2,141,0
0.288877428132813,63,221007,NaN,2,1,2,142,0
0.274782757103521,63,221007,NaN,2,1,2,143,0
0.258887027622898,63,221007,NaN,2,1,2,144,0
0.254092961217108,63,221007,NaN,2,1,2,145,0
0.268118792138584,63,221007,NaN,2,1,2,146,0
0.284935340655043,63,221007,NaN,2,1,2,147,0
0.303527476047376,63,221007,NaN,2,1,2,148,0
0.31779516440589,63,221007,NaN,2,1,2,149,0
0.311675831697774,63,221007,NaN,2,1,2,150,0
0.290190649101368,63,221007,NaN,2,1,2,151,0
0.263187674080018,63,221007,NaN,2,1,2,152,0
0.239949366701501,63,221007,NaN,2,1,2,153,0
0.225604766709949,63,221007,NaN,2,1,2,154,0
0.214397680778929,63,221007,NaN,2,1,2,155,0
0.201570205433071,63,221007,NaN,2,1,2,156,0
0.192560539575425,63,221007,NaN,2,1,2,157,0
0.191427623950617,63,221007,NaN,2,1,2,158,0
0.20200873376775,63,221007,NaN,2,1,2,159,0
0.231939711898836,63,221007,NaN,2,1,2,160,0
0.272068850098742,63,221007,NaN,2,1,2,161,0
0.306273934487045,63,221007,NaN,2,1,2,162,0
0.329937194100361,63,221007,NaN,2,1,2,163,0
0.34399446025217,63,221007,NaN,2,1,2,164,0
0.348302771657139,63,221007,NaN,2,1,2,165,0
0.357431045364481,63,221007,NaN,2,1,2,166,0
0.370989590730346,63,221007,NaN,2,1,2,167,0
0.38265070500894,63,221007,NaN,2,1,2,168,0
0.393361119026474,63,221007,NaN,2,1,2,169,0
0.398035632478427,63,221007,NaN,2,1,2,170,0
0.389274049020871,63,221007,NaN,2,1,2,171,0
0.36714217618219,63,221007,NaN,2,1,2,172,0
0.334990368935776,63,221007,NaN,2,1,2,173,0
0.292878831514607,63,221007,NaN,2,1,2,174,0
0.257193534448963,63,221007,NaN,2,1,2,175,0
0.228102817122279,63,221007,NaN,2,1,2,176,0
0.202218305897646,63,221007,NaN,2,1,2,177,0
0.177699374458643,63,221007,NaN,2,1,2,178,0
0.156516916242514,63,221007,NaN,2,1,2,179,0
0.13651446128646,63,221007,NaN,2,1,2,180,0
0.119986194586155,63,221007,NaN,2,1,2,181,0
-0.0974631326512002,63,221007,NaN,30,1,2,100,0
-0.0763474444790601,63,221007,NaN,30,1,2,101,0
-0.0477351674987538,63,221007,NaN,30,1,2,102,0
-0.01997401778445,63,221007,NaN,30,1,2,103,0
-0.00142434626712684,63,221007,NaN,30,1,2,104,0
0.00510920006316151,63,221007,NaN,30,1,2,105,0
0.00369205739519374,63,221007,NaN,30,1,2,106,0
-0.00431726123371634,63,221007,NaN,30,1,2,107,0
-0.00151474961815212,63,221007,NaN,30,1,2,108,0
0.0190021832471489,63,221007,NaN,30,1,2,109,0
0.0490365275963573,63,221007,NaN,30,1,2,110,0
0.0751777934289046,63,221007,NaN,30,1,2,111,0
0.0736788709040598,63,221007,NaN,30,1,2,112,0
0.0485419521192273,63,221007,NaN,30,1,2,113,0
0.0095534718861624,63,221007,NaN,30,1,2,114,0
-0.0234888650513559,63,221007,NaN,30,1,2,115,0
-0.045881043964966,63,221007,NaN,30,1,2,116,0
-0.0563588356478719,63,221007,NaN,30,1,2,117,0
-0.0425329212599378,63,221007,NaN,30,1,2,118,0
-0.00586806246122906,63,221007,NaN,30,1,2,119,0
0.0416506586264028,63,221007,NaN,30,1,2,120,0
0.0817474180597816,63,221007,NaN,30,1,2,121,0
0.0952999940375193,63,221007,NaN,30,1,2,122,0
0.0809395388612871,63,221007,NaN,30,1,2,123,0
0.068594887499238,63,221007,NaN,30,1,2,124,0
0.0658099634123684,63,221007,NaN,30,1,2,125,0
0.0974300441308652,63,221007,NaN,30,1,2,126,0
0.153951772642401,63,221007,NaN,30,1,2,127,0
0.216102964759841,63,221007,NaN,30,1,2,128,0
0.277000664167036,63,221007,NaN,30,1,2,129,0
0.324470356257826,63,221007,NaN,30,1,2,130,0
0.345105867102434,63,221007,NaN,30,1,2,131,0
0.337918423229506,63,221007,NaN,30,1,2,132,0
0.317617494902424,63,221007,NaN,30,1,2,133,0
0.301813177714407,63,221007,NaN,30,1,2,134,0
0.284193645439383,63,221007,NaN,30,1,2,135,0
0.26164425962009,63,221007,NaN,30,1,2,136,0
0.239102628481003,63,221007,NaN,30,1,2,137,0
0.219254364186278,63,221007,NaN,30,1,2,138,0
0.201361553549224,63,221007,NaN,30,1,2,139,0
0.185027444887795,63,221007,NaN,30,1,2,140,0
0.187094741158711,63,221007,NaN,30,1,2,141,0
0.200540802762738,63,221007,NaN,30,1,2,142,0
0.221581478732507,63,221007,NaN,30,1,2,143,0
0.242992591643385,63,221007,NaN,30,1,2,144,0
0.244021625721661,63,221007,NaN,30,1,2,145,0
0.233692566849449,63,221007,NaN,30,1,2,146,0
0.215253339121438,63,221007,NaN,30,1,2,147,0
0.19116682640989,63,221007,NaN,30,1,2,148,0
0.173988664619611,63,221007,NaN,30,1,2,149,0
0.162876494340431,63,221007,NaN,30,1,2,150,0
0.160783487713046,63,221007,NaN,30,1,2,151,0
0.174366324325869,63,221007,NaN,30,1,2,152,0
0.201965348153589,63,221007,NaN,30,1,2,153,0
0.22637589132139,63,221007,NaN,30,1,2,154,0
0.244762365580024,63,221007,NaN,30,1,2,155,0
0.249015825212285,63,221007,NaN,30,1,2,156,0
0.23318740775868,63,221007,NaN,30,1,2,157,0
0.1996604599279,63,221007,NaN,30,1,2,158,0
0.152202681331115,63,221007,NaN,30,1,2,159,0
0.104441629057467,63,221007,NaN,30,1,2,160,0
0.0608102108885801,63,221007,NaN,30,1,2,161,0
0.034747086441677,63,221007,NaN,30,1,2,162,0
0.0213786159587426,63,221007,NaN,30,1,2,163,0
0.0206624428931707,63,221007,NaN,30,1,2,164,0
0.0234165142607877,63,221007,NaN,30,1,2,165,0
0.0229679552320763,63,221007,NaN,30,1,2,166,0
0.0189473675188809,63,221007,NaN,30,1,2,167,0
0.00665688169071454,63,221007,NaN,30,1,2,168,0
-0.000810717080519274,63,221007,NaN,30,1,2,169,0
0.00543043559776479,63,221007,NaN,30,1,2,170,0
0.0357512259770001,63,221007,NaN,30,1,2,171,0
0.0805834539071852,63,221007,NaN,30,1,2,172,0
0.130500215154071,63,221007,NaN,30,1,2,173,0
0.160059279090299,63,221007,NaN,30,1,2,174,0
0.163691181360344,63,221007,NaN,30,1,2,175,0
0.155440748554723,63,221007,NaN,30,1,2,176,0
0.146663024269707,63,221007,NaN,30,1,2,177,0
0.146490447009222,63,221007,NaN,30,1,2,178,0
0.142282676373551,63,221007,NaN,30,1,2,179,0
0.137399148725301,63,221007,NaN,30,1,2,180,0
0.129773003587718,63,221007,NaN,30,1,2,181,0
-0.080671109145955,63,221008,NaN,18,1,2,100,0
-0.0678328369363216,63,221008,NaN,18,1,2,101,0
-0.0573684733816162,63,221008,NaN,18,1,2,102,0
-0.049401547631148,63,221008,NaN,18,1,2,103,0
-0.0364728859665429,63,221008,NaN,18,1,2,104,0
-0.0187506707708091,63,221008,NaN,18,1,2,105,0
0.00845682243747392,63,221008,NaN,18,1,2,106,0
0.0286777644117149,63,221008,NaN,18,1,2,107,0
0.0368162144682989,63,221008,NaN,18,1,2,108,0
0.0274808070858636,63,221008,NaN,18,1,2,109,0
0.00821170629744339,63,221008,NaN,18,1,2,110,0
-0.0145127183983319,63,221008,NaN,18,1,2,111,0
-0.0350473581171765,63,221008,NaN,18,1,2,112,0
-0.0481242544273633,63,221008,NaN,18,1,2,113,0
-0.0528588159797427,63,221008,NaN,18,1,2,114,0
-0.0514351357685119,63,221008,NaN,18,1,2,115,0
-0.032866603696442,63,221008,NaN,18,1,2,116,0
0.00638100717071921,63,221008,NaN,18,1,2,117,0
0.0584446647684491,63,221008,NaN,18,1,2,118,0
0.115645558171468,63,221008,NaN,18,1,2,119,0
0.174556756262578,63,221008,NaN,18,1,2,120,0
0.219299892315883,63,221008,NaN,18,1,2,121,0
0.24072734194992,63,221008,NaN,18,1,2,122,0
0.246490302661731,63,221008,NaN,18,1,2,123,0
0.245468469538786,63,221008,NaN,18,1,2,124,0
0.243069459424226,63,221008,NaN,18,1,2,125,0
0.243410340774006,63,221008,NaN,18,1,2,126,0
0.246897369499388,63,221008,NaN,18,1,2,127,0
0.245265958027782,63,221008,NaN,18,1,2,128,0
0.234610996005503,63,221008,NaN,18,1,2,129,0
0.226174564291965,63,221008,NaN,18,1,2,130,0
0.225938470713178,63,221008,NaN,18,1,2,131,0
0.234841120174003,63,221008,NaN,18,1,2,132,0
0.236987790329609,63,221008,NaN,18,1,2,133,0
0.230228985983742,63,221008,NaN,18,1,2,134,0
0.204305417862313,63,221008,NaN,18,1,2,135,0
0.175972383185609,63,221008,NaN,18,1,2,136,0
0.157856730760373,63,221008,NaN,18,1,2,137,0
0.159987019473228,63,221008,NaN,18,1,2,138,0
0.182949446531375,63,221008,NaN,18,1,2,139,0
0.218833600318232,63,221008,NaN,18,1,2,140,0
0.251273054012484,63,221008,NaN,18,1,2,141,0
0.282649027312057,63,221008,NaN,18,1,2,142,0
0.305113690743407,63,221008,NaN,18,1,2,143,0
0.323102011667414,63,221008,NaN,18,1,2,144,0
0.33256832403376,63,221008,NaN,18,1,2,145,0
0.331764152482181,63,221008,NaN,18,1,2,146,0
0.324390816678949,63,221008,NaN,18,1,2,147,0
0.311473200844776,63,221008,NaN,18,1,2,148,0
0.314561376952419,63,221008,NaN,18,1,2,149,0
0.327408898188415,63,221008,NaN,18,1,2,150,0
0.354601283859846,63,221008,NaN,18,1,2,151,0
0.385409412281466,63,221008,NaN,18,1,2,152,0
0.395768015232334,63,221008,NaN,18,1,2,153,0
0.388857244895519,63,221008,NaN,18,1,2,154,0
0.370610357807663,63,221008,NaN,18,1,2,155,0
0.342570629860259,63,221008,NaN,18,1,2,156,0
0.320126221432099,63,221008,NaN,18,1,2,157,0
0.30942424327557,63,221008,NaN,18,1,2,158,0
0.300921660149598,63,221008,NaN,18,1,2,159,0
0.296476791280684,63,221008,NaN,18,1,2,160,0
0.300477963672589,63,221008,NaN,18,1,2,161,0
0.303484830531111,63,221008,NaN,18,1,2,162,0
0.301618279345803,63,221008,NaN,18,1,2,163,0
0.293573009108832,63,221008,NaN,18,1,2,164,0
0.278656676844203,63,221008,NaN,18,1,2,165,0
0.26988065782138,63,221008,NaN,18,1,2,166,0
0.270187972163231,63,221008,NaN,18,1,2,167,0
0.284482883989571,63,221008,NaN,18,1,2,168,0
0.306479249816777,63,221008,NaN,18,1,2,169,0
0.321272363004104,63,221008,NaN,18,1,2,170,0
0.320723712217738,63,221008,NaN,18,1,2,171,0
0.311003924359453,63,221008,NaN,18,1,2,172,0
0.295117683426603,63,221008,NaN,18,1,2,173,0
0.276571922494785,63,221008,NaN,18,1,2,174,0
0.250106603172529,63,221008,NaN,18,1,2,175,0
0.214453339815964,63,221008,NaN,18,1,2,176,0
0.178978197605689,63,221008,NaN,18,1,2,177,0
0.155027201834576,63,221008,NaN,18,1,2,178,0
0.141828634501912,63,221008,NaN,18,1,2,179,0
0.144971826492864,63,221008,NaN,18,1,2,180,0
0.151808873413448,63,221008,NaN,18,1,2,181,0
-0.0683833724758866,63,221009,NaN,71,1,2,100,0
-0.0676449585227846,63,221009,NaN,71,1,2,101,0
-0.0544044919769501,63,221009,NaN,71,1,2,102,0
-0.0239273014242235,63,221009,NaN,71,1,2,103,0
0.010209183823893,63,221009,NaN,71,1,2,104,0
0.0364056190428724,63,221009,NaN,71,1,2,105,0
0.0490865020215506,63,221009,NaN,71,1,2,106,0
0.0381953728362615,63,221009,NaN,71,1,2,107,0
0.0198722940535281,63,221009,NaN,71,1,2,108,0
-0.00132208989899074,63,221009,NaN,71,1,2,109,0
-0.0193804867724391,63,221009,NaN,71,1,2,110,0
-0.0357539869204527,63,221009,NaN,71,1,2,111,0
-0.0464413313443377,63,221009,NaN,71,1,2,112,0
-0.0559824704991876,63,221009,NaN,71,1,2,113,0
-0.0631132155606213,63,221009,NaN,71,1,2,114,0
-0.0536816740633642,63,221009,NaN,71,1,2,115,0
-0.0427133895360259,63,221009,NaN,71,1,2,116,0
-0.0173885408939339,63,221009,NaN,71,1,2,117,0
0.0329821506179526,63,221009,NaN,71,1,2,118,0
0.103237331203494,63,221009,NaN,71,1,2,119,0
0.19176548381376,63,221009,NaN,71,1,2,120,0
0.279490497358377,63,221009,NaN,71,1,2,121,0
0.341556531451949,63,221009,NaN,71,1,2,122,0
0.37475352860192,63,221009,NaN,71,1,2,123,0
0.395743193428107,63,221009,NaN,71,1,2,124,0
0.41112684026087,63,221009,NaN,71,1,2,125,0
0.418174299669989,63,221009,NaN,71,1,2,126,0
0.395515179718018,63,221009,NaN,71,1,2,127,0
0.350980784625922,63,221009,NaN,71,1,2,128,0
0.29992329015008,63,221009,NaN,71,1,2,129,0
0.24887242561544,63,221009,NaN,71,1,2,130,0
0.200825453831183,63,221009,NaN,71,1,2,131,0
0.163957005776341,63,221009,NaN,71,1,2,132,0
0.136487569972863,63,221009,NaN,71,1,2,133,0
0.108327822805149,63,221009,NaN,71,1,2,134,0
0.0812972796122624,63,221009,NaN,71,1,2,135,0
0.0687171926725429,63,221009,NaN,71,1,2,136,0
0.0734616760098872,63,221009,NaN,71,1,2,137,0
0.0954966055367793,63,221009,NaN,71,1,2,138,0
0.116329648098766,63,221009,NaN,71,1,2,139,0
0.12403783085095,63,221009,NaN,71,1,2,140,0
0.128370187860361,63,221009,NaN,71,1,2,141,0
0.139539130750511,63,221009,NaN,71,1,2,142,0
0.155451085115779,63,221009,NaN,71,1,2,143,0
0.172743600000711,63,221009,NaN,71,1,2,144,0
0.186715599855357,63,221009,NaN,71,1,2,145,0
0.186370424291872,63,221009,NaN,71,1,2,146,0
0.177976358036317,63,221009,NaN,71,1,2,147,0
0.158121669876967,63,221009,NaN,71,1,2,148,0
0.142969302312607,63,221009,NaN,71,1,2,149,0
0.135893928299567,63,221009,NaN,71,1,2,150,0
0.14072010586196,63,221009,NaN,71,1,2,151,0
0.161386102560453,63,221009,NaN,71,1,2,152,0
0.194074436573873,63,221009,NaN,71,1,2,153,0
0.229059530935766,63,221009,NaN,71,1,2,154,0
0.265381627762695,63,221009,NaN,71,1,2,155,0
0.297052171197418,63,221009,NaN,71,1,2,156,0
0.308487656863787,63,221009,NaN,71,1,2,157,0
0.312426388063424,63,221009,NaN,71,1,2,158,0
0.310804638464124,63,221009,NaN,71,1,2,159,0
0.292302565520906,63,221009,NaN,71,1,2,160,0
0.264615325109002,63,221009,NaN,71,1,2,161,0
0.242978433248074,63,221009,NaN,71,1,2,162,0
0.221921409142089,63,221009,NaN,71,1,2,163,0
0.209481902775643,63,221009,NaN,71,1,2,164,0
0.204862442379041,63,221009,NaN,71,1,2,165,0
0.203345046448574,63,221009,NaN,71,1,2,166,0
0.197848334951536,63,221009,NaN,71,1,2,167,0
0.192870292820263,63,221009,NaN,71,1,2,168,0
0.18242110209385,63,221009,NaN,71,1,2,169,0
0.162922363529394,63,221009,NaN,71,1,2,170,0
0.144378027591091,63,221009,NaN,71,1,2,171,0
0.132458256107718,63,221009,NaN,71,1,2,172,0
0.12331271731885,63,221009,NaN,71,1,2,173,0
0.113725550379799,63,221009,NaN,71,1,2,174,0
0.0960810560648289,63,221009,NaN,71,1,2,175,0
0.0706240966127266,63,221009,NaN,71,1,2,176,0
0.0421080984834918,63,221009,NaN,71,1,2,177,0
0.014770687521359,63,221009,NaN,71,1,2,178,0
0.000324405347808976,63,221009,NaN,71,1,2,179,0
-0.00831310340447733,63,221009,NaN,71,1,2,180,0
-0.0189462125318398,63,221009,NaN,71,1,2,181,0
