DataY,AnimalID,RecDate,NovelDay,CellID,CellType,Environ,PosBin,StimCond
-0.0693911097528012,4,230428,NaN,2,1,2,100,0
-0.0656722202581163,4,230428,NaN,2,1,2,101,0
-0.0572595704363741,4,230428,NaN,2,1,2,102,0
-0.0481542337130585,4,230428,NaN,2,1,2,103,0
-0.0431231511448081,4,230428,NaN,2,1,2,104,0
-0.0436940841095989,4,230428,NaN,2,1,2,105,0
-0.0439126695062933,4,230428,NaN,2,1,2,106,0
-0.0440511279248765,4,230428,NaN,2,1,2,107,0
-0.0412096114380873,4,230428,NaN,2,1,2,108,0
-0.0338098929353919,4,230428,NaN,2,1,2,109,0
-0.0283799560076526,4,230428,NaN,2,1,2,110,0
-0.0249368256301511,4,230428,NaN,2,1,2,111,0
-0.022668190904414,4,230428,NaN,2,1,2,112,0
-0.0210179690097668,4,230428,NaN,2,1,2,113,0
-0.0191870885659283,4,230428,NaN,2,1,2,114,0
-0.0195702576278093,4,230428,NaN,2,1,2,115,0
-0.0192078105055403,4,230428,NaN,2,1,2,116,0
0.00443515765180569,4,230428,NaN,2,1,2,117,0
0.0683272049849357,4,230428,NaN,2,1,2,118,0
0.177167183035357,4,230428,NaN,2,1,2,119,0
0.32592511404577,4,230428,NaN,2,1,2,120,0
0.479871790289687,4,230428,NaN,2,1,2,121,0
0.592871465345358,4,230428,NaN,2,1,2,122,0
0.644039839887676,4,230428,NaN,2,1,2,123,0
0.643426835519171,4,230428,NaN,2,1,2,124,0
0.619948396573582,4,230428,NaN,2,1,2,125,0
0.593229958350759,4,230428,NaN,2,1,2,126,0
0.571179311577756,4,230428,NaN,2,1,2,127,0
0.555207360404905,4,230428,NaN,2,1,2,128,0
0.539398019979604,4,230428,NaN,2,1,2,129,0
0.520553321870356,4,230428,NaN,2,1,2,130,0
0.501025338164195,4,230428,NaN,2,1,2,131,0
0.482760164616987,4,230428,NaN,2,1,2,132,0
0.467400871510433,4,230428,NaN,2,1,2,133,0
0.460075243691708,4,230428,NaN,2,1,2,134,0
0.457749866886949,4,230428,NaN,2,1,2,135,0
0.457210871514512,4,230428,NaN,2,1,2,136,0
0.454222355277297,4,230428,NaN,2,1,2,137,0
0.446624931154603,4,230428,NaN,2,1,2,138,0
0.436971242912539,4,230428,NaN,2,1,2,139,0
0.428395454741792,4,230428,NaN,2,1,2,140,0
0.421887081248737,4,230428,NaN,2,1,2,141,0
0.41862119585728,4,230428,NaN,2,1,2,142,0
0.416070766537518,4,230428,NaN,2,1,2,143,0
0.41200859708917,4,230428,NaN,2,1,2,144,0
0.408834624452605,4,230428,NaN,2,1,2,145,0
0.403892232021746,4,230428,NaN,2,1,2,146,0
0.399268292646934,4,230428,NaN,2,1,2,147,0
0.394941579134038,4,230428,NaN,2,1,2,148,0
0.387111234143318,4,230428,NaN,2,1,2,149,0
0.38041048049072,4,230428,NaN,2,1,2,150,0
0.376891010085917,4,230428,NaN,2,1,2,151,0
0.373567588316681,4,230428,NaN,2,1,2,152,0
0.374464256220278,4,230428,NaN,2,1,2,153,0
0.372588547168745,4,230428,NaN,2,1,2,154,0
0.369644497801049,4,230428,NaN,2,1,2,155,0
0.364895392496684,4,230428,NaN,2,1,2,156,0
0.357598084649991,4,230428,NaN,2,1,2,157,0
0.350244706871732,4,230428,NaN,2,1,2,158,0
0.34670015742222,4,230428,NaN,2,1,2,159,0
0.346781475386858,4,230428,NaN,2,1,2,160,0
0.350139082130545,4,230428,NaN,2,1,2,161,0
0.352712210837408,4,230428,NaN,2,1,2,162,0
0.345861710503713,4,230428,NaN,2,1,2,163,0
0.331302268941705,4,230428,NaN,2,1,2,164,0
0.31053896528396,4,230428,NaN,2,1,2,165,0
0.286377760738755,4,230428,NaN,2,1,2,166,0
0.268016279210733,4,230428,NaN,2,1,2,167,0
0.255754388684121,4,230428,NaN,2,1,2,168,0
0.24575064695968,4,230428,NaN,2,1,2,169,0
0.239180969022495,4,230428,NaN,2,1,2,170,0
0.230519790916008,4,230428,NaN,2,1,2,171,0
0.221097109302691,4,230428,NaN,2,1,2,172,0
0.212422088995614,4,230428,NaN,2,1,2,173,0
0.203139777915383,4,230428,NaN,2,1,2,174,0
0.197839331266127,4,230428,NaN,2,1,2,175,0
0.197761177324631,4,230428,NaN,2,1,2,176,0
0.196827066595217,4,230428,NaN,2,1,2,177,0
0.19756911688398,4,230428,NaN,2,1,2,178,0
0.194723746898447,4,230428,NaN,2,1,2,179,0
0.184230416561954,4,230428,NaN,2,1,2,180,0
0.171843762322451,4,230428,NaN,2,1,2,181,0
-0.0318341773128553,4,230428,NaN,75,1,2,100,0
-0.0257210636307572,4,230428,NaN,75,1,2,101,0
-0.0231549325922745,4,230428,NaN,75,1,2,102,0
-0.0267672006842989,4,230428,NaN,75,1,2,103,0
-0.0380887989157668,4,230428,NaN,75,1,2,104,0
-0.0470580685220286,4,230428,NaN,75,1,2,105,0
-0.0473391477192887,4,230428,NaN,75,1,2,106,0
-0.0405183256853386,4,230428,NaN,75,1,2,107,0
-0.0249548871627984,4,230428,NaN,75,1,2,108,0
-0.012413694343783,4,230428,NaN,75,1,2,109,0
-0.00808929505506101,4,230428,NaN,75,1,2,110,0
-0.0125283812101681,4,230428,NaN,75,1,2,111,0
-0.0202823966464414,4,230428,NaN,75,1,2,112,0
-0.0260304794230137,4,230428,NaN,75,1,2,113,0
-0.029810143669012,4,230428,NaN,75,1,2,114,0
-0.0331608306471505,4,230428,NaN,75,1,2,115,0
-0.0382206240413814,4,230428,NaN,75,1,2,116,0
-0.0202223960873069,4,230428,NaN,75,1,2,117,0
0.0367498006662381,4,230428,NaN,75,1,2,118,0
0.142493220806177,4,230428,NaN,75,1,2,119,0
0.295117644563455,4,230428,NaN,75,1,2,120,0
0.456676951508684,4,230428,NaN,75,1,2,121,0
0.578102313891629,4,230428,NaN,75,1,2,122,0
0.62952152301053,4,230428,NaN,75,1,2,123,0
0.619695611380014,4,230428,NaN,75,1,2,124,0
0.581328574864951,4,230428,NaN,75,1,2,125,0
0.542031497129912,4,230428,NaN,75,1,2,126,0
0.512054369281609,4,230428,NaN,75,1,2,127,0
0.495724774507152,4,230428,NaN,75,1,2,128,0
0.485934818874038,4,230428,NaN,75,1,2,129,0
0.478229360912607,4,230428,NaN,75,1,2,130,0
0.470015500914281,4,230428,NaN,75,1,2,131,0
0.457508597241069,4,230428,NaN,75,1,2,132,0
0.448306042488812,4,230428,NaN,75,1,2,133,0
0.442210919974625,4,230428,NaN,75,1,2,134,0
0.437434271352496,4,230428,NaN,75,1,2,135,0
0.437264868640257,4,230428,NaN,75,1,2,136,0
0.437542564428308,4,230428,NaN,75,1,2,137,0
0.433707508817184,4,230428,NaN,75,1,2,138,0
0.427182454750498,4,230428,NaN,75,1,2,139,0
0.417570538339073,4,230428,NaN,75,1,2,140,0
0.405040142876503,4,230428,NaN,75,1,2,141,0
0.397346838666508,4,230428,NaN,75,1,2,142,0
0.388470548887024,4,230428,NaN,75,1,2,143,0
0.378724750337696,4,230428,NaN,75,1,2,144,0
0.367932139531628,4,230428,NaN,75,1,2,145,0
0.355225174543202,4,230428,NaN,75,1,2,146,0
0.350063042399864,4,230428,NaN,75,1,2,147,0
0.34704142439323,4,230428,NaN,75,1,2,148,0
0.347533058812643,4,230428,NaN,75,1,2,149,0
0.350831619889844,4,230428,NaN,75,1,2,150,0
0.345357734611289,4,230428,NaN,75,1,2,151,0
0.336466994590092,4,230428,NaN,75,1,2,152,0
0.331083027289943,4,230428,NaN,75,1,2,153,0
0.329568515119211,4,230428,NaN,75,1,2,154,0
0.339024482166669,4,230428,NaN,75,1,2,155,0
0.351338764819247,4,230428,NaN,75,1,2,156,0
0.357509521901342,4,230428,NaN,75,1,2,157,0
0.357999922797687,4,230428,NaN,75,1,2,158,0
0.351118818284532,4,230428,NaN,75,1,2,159,0
0.34158368637924,4,230428,NaN,75,1,2,160,0
0.337560737682229,4,230428,NaN,75,1,2,161,0
0.331255545612437,4,230428,NaN,75,1,2,162,0
0.32299417934378,4,230428,NaN,75,1,2,163,0
0.314193682006047,4,230428,NaN,75,1,2,164,0
0.296203641049784,4,230428,NaN,75,1,2,165,0
0.276721057627175,4,230428,NaN,75,1,2,166,0
0.263202567064758,4,230428,NaN,75,1,2,167,0
0.24856902445833,4,230428,NaN,75,1,2,168,0
0.238382740632423,4,230428,NaN,75,1,2,169,0
0.229567778173898,4,230428,NaN,75,1,2,170,0
0.220209254372029,4,230428,NaN,75,1,2,171,0
0.217311743736618,4,230428,NaN,75,1,2,172,0
0.215386179796545,4,230428,NaN,75,1,2,173,0
0.214330302835381,4,230428,NaN,75,1,2,174,0
0.214355375684561,4,230428,NaN,75,1,2,175,0
0.209570936801819,4,230428,NaN,75,1,2,176,0
0.200390256159955,4,230428,NaN,75,1,2,177,0
0.194250990987899,4,230428,NaN,75,1,2,178,0
0.18230852405562,4,230428,NaN,75,1,2,179,0
0.17013265041375,4,230428,NaN,75,1,2,180,0
0.159815381701561,4,230428,NaN,75,1,2,181,0
-0.0511909434445623,4,230429,NaN,91,1,2,100,0
-0.0361688083676578,4,230429,NaN,91,1,2,101,0
-0.0201055346063845,4,230429,NaN,91,1,2,102,0
-0.00910124576067844,4,230429,NaN,91,1,2,103,0
-0.0117145467013074,4,230429,NaN,91,1,2,104,0
-0.024305221751887,4,230429,NaN,91,1,2,105,0
-0.0374601455441944,4,230429,NaN,91,1,2,106,0
-0.0501492277109493,4,230429,NaN,91,1,2,107,0
-0.0498850212665666,4,230429,NaN,91,1,2,108,0
-0.0415336272280745,4,230429,NaN,91,1,2,109,0
-0.0309586891418325,4,230429,NaN,91,1,2,110,0
-0.0166952079648912,4,230429,NaN,91,1,2,111,0
-0.00576359363910739,4,230429,NaN,91,1,2,112,0
-0.0035186710391451,4,230429,NaN,91,1,2,113,0
-0.00486663614968785,4,230429,NaN,91,1,2,114,0
-0.013450737468953,4,230429,NaN,91,1,2,115,0
-0.0263914134803726,4,230429,NaN,91,1,2,116,0
-0.0210618638236153,4,230429,NaN,91,1,2,117,0
0.0215834054654069,4,230429,NaN,91,1,2,118,0
0.116107545538591,4,230429,NaN,91,1,2,119,0
0.265439240641306,4,230429,NaN,91,1,2,120,0
0.434701200466504,4,230429,NaN,91,1,2,121,0
0.579372645930789,4,230429,NaN,91,1,2,122,0
0.66105400716921,4,230429,NaN,91,1,2,123,0
0.670973584773394,4,230429,NaN,91,1,2,124,0
0.644143714677805,4,230429,NaN,91,1,2,125,0
0.600309047509731,4,230429,NaN,91,1,2,126,0
0.563302311247113,4,230429,NaN,91,1,2,127,0
0.541562395792307,4,230429,NaN,91,1,2,128,0
0.528183448339822,4,230429,NaN,91,1,2,129,0
0.515133757344043,4,230429,NaN,91,1,2,130,0
0.502476188171177,4,230429,NaN,91,1,2,131,0
0.493220973956117,4,230429,NaN,91,1,2,132,0
0.484949900649861,4,230429,NaN,91,1,2,133,0
0.476907677569901,4,230429,NaN,91,1,2,134,0
0.462771152537546,4,230429,NaN,91,1,2,135,0
0.448211633461719,4,230429,NaN,91,1,2,136,0
0.43604004306764,4,230429,NaN,91,1,2,137,0
0.426232336884491,4,230429,NaN,91,1,2,138,0
0.430167592249238,4,230429,NaN,91,1,2,139,0
0.443190415361692,4,230429,NaN,91,1,2,140,0
0.45542793201969,4,230429,NaN,91,1,2,141,0
0.461066018665496,4,230429,NaN,91,1,2,142,0
0.454296896657284,4,230429,NaN,91,1,2,143,0
0.446786666286759,4,230429,NaN,91,1,2,144,0
0.449579111869879,4,230429,NaN,91,1,2,145,0
0.462428751709927,4,230429,NaN,91,1,2,146,0
0.475482840783544,4,230429,NaN,91,1,2,147,0
0.480662094027131,4,230429,NaN,91,1,2,148,0
0.468091586421177,4,230429,NaN,91,1,2,149,0
0.450717054233269,4,230429,NaN,91,1,2,150,0
0.428867743952316,4,230429,NaN,91,1,2,151,0
0.418981839180718,4,230429,NaN,91,1,2,152,0
0.414176344377697,4,230429,NaN,91,1,2,153,0
0.410956066264184,4,230429,NaN,91,1,2,154,0
0.402364027933936,4,230429,NaN,91,1,2,155,0
0.389233647604766,4,230429,NaN,91,1,2,156,0
0.386068006290924,4,230429,NaN,91,1,2,157,0
0.392032608844633,4,230429,NaN,91,1,2,158,0
0.406493611357229,4,230429,NaN,91,1,2,159,0
0.426010974888671,4,230429,NaN,91,1,2,160,0
0.441126977840774,4,230429,NaN,91,1,2,161,0
0.443427282026491,4,230429,NaN,91,1,2,162,0
0.441754055724179,4,230429,NaN,91,1,2,163,0
0.434683490199599,4,230429,NaN,91,1,2,164,0
0.434479602320851,4,230429,NaN,91,1,2,165,0
0.443349758498986,4,230429,NaN,91,1,2,166,0
0.448050195483544,4,230429,NaN,91,1,2,167,0
0.448190187817358,4,230429,NaN,91,1,2,168,0
0.435020914161925,4,230429,NaN,91,1,2,169,0
0.414779080496294,4,230429,NaN,91,1,2,170,0
0.392240942544345,4,230429,NaN,91,1,2,171,0
0.377258277876252,4,230429,NaN,91,1,2,172,0
0.370702188222721,4,230429,NaN,91,1,2,173,0
0.373030175946528,4,230429,NaN,91,1,2,174,0
0.37850276924915,4,230429,NaN,91,1,2,175,0
0.386541297237654,4,230429,NaN,91,1,2,176,0
0.398051016502551,4,230429,NaN,91,1,2,177,0
0.415349351001,4,230429,NaN,91,1,2,178,0
0.42824230608818,4,230429,NaN,91,1,2,179,0
0.430048838817631,4,230429,NaN,91,1,2,180,0
0.427070466275406,4,230429,NaN,91,1,2,181,0
-0.0150737534998556,4,230430,NaN,21,1,2,100,0
-0.0128745798993741,4,230430,NaN,21,1,2,101,0
-0.00969696830124983,4,230430,NaN,21,1,2,102,0
-0.00430200584795731,4,230430,NaN,21,1,2,103,0
-0.00232523383584166,4,230430,NaN,21,1,2,104,0
-0.00162886847433014,4,230430,NaN,21,1,2,105,0
-0.0043338405550849,4,230430,NaN,21,1,2,106,0
-0.0121630478657383,4,230430,NaN,21,1,2,107,0
-0.0166476864838211,4,230430,NaN,21,1,2,108,0
-0.0154330245948385,4,230430,NaN,21,1,2,109,0
-0.0163609283295993,4,230430,NaN,21,1,2,110,0
-0.0167419678898982,4,230430,NaN,21,1,2,111,0
-0.0234089480249235,4,230430,NaN,21,1,2,112,0
-0.0352568915884523,4,230430,NaN,21,1,2,113,0
-0.0444320327669605,4,230430,NaN,21,1,2,114,0
-0.0499089348314071,4,230430,NaN,21,1,2,115,0
-0.0485127342801023,4,230430,NaN,21,1,2,116,0
-0.0259900097362506,4,230430,NaN,21,1,2,117,0
0.0211702839262396,4,230430,NaN,21,1,2,118,0
0.101566932228108,4,230430,NaN,21,1,2,119,0
0.217280487151482,4,230430,NaN,21,1,2,120,0
0.340530408668949,4,230430,NaN,21,1,2,121,0
0.442032186712885,4,230430,NaN,21,1,2,122,0
0.501197769831099,4,230430,NaN,21,1,2,123,0
0.517575853109006,4,230430,NaN,21,1,2,124,0
0.510561793303354,4,230430,NaN,21,1,2,125,0
0.496333216737401,4,230430,NaN,21,1,2,126,0
0.480360073930201,4,230430,NaN,21,1,2,127,0
0.464141929720899,4,230430,NaN,21,1,2,128,0
0.448802919366014,4,230430,NaN,21,1,2,129,0
0.43297088846334,4,230430,NaN,21,1,2,130,0
0.421102093853971,4,230430,NaN,21,1,2,131,0
0.414387790243303,4,230430,NaN,21,1,2,132,0
0.407951184331516,4,230430,NaN,21,1,2,133,0
0.402964850571467,4,230430,NaN,21,1,2,134,0
0.395245853306471,4,230430,NaN,21,1,2,135,0
0.38788062942791,4,230430,NaN,21,1,2,136,0
0.38224014434839,4,230430,NaN,21,1,2,137,0
0.37874084796819,4,230430,NaN,21,1,2,138,0
0.377642515379176,4,230430,NaN,21,1,2,139,0
0.378718275209492,4,230430,NaN,21,1,2,140,0
0.379184976889168,4,230430,NaN,21,1,2,141,0
0.37984700273,4,230430,NaN,21,1,2,142,0
0.378356803053106,4,230430,NaN,21,1,2,143,0
0.377234803244231,4,230430,NaN,21,1,2,144,0
0.375912841842044,4,230430,NaN,21,1,2,145,0
0.375993269217838,4,230430,NaN,21,1,2,146,0
0.379477882651841,4,230430,NaN,21,1,2,147,0
0.385331235777763,4,230430,NaN,21,1,2,148,0
0.390087765679765,4,230430,NaN,21,1,2,149,0
0.392783616251196,4,230430,NaN,21,1,2,150,0
0.390212767878373,4,230430,NaN,21,1,2,151,0
0.385012728881927,4,230430,NaN,21,1,2,152,0
0.376139192989517,4,230430,NaN,21,1,2,153,0
0.367904858015564,4,230430,NaN,21,1,2,154,0
0.363727005610635,4,230430,NaN,21,1,2,155,0
0.367434882016521,4,230430,NaN,21,1,2,156,0
0.373799382294915,4,230430,NaN,21,1,2,157,0
0.383698505920332,4,230430,NaN,21,1,2,158,0
0.392797294898866,4,230430,NaN,21,1,2,159,0
0.39621446634349,4,230430,NaN,21,1,2,160,0
0.392905131056036,4,230430,NaN,21,1,2,161,0
0.380948499245336,4,230430,NaN,21,1,2,162,0
0.363091777929696,4,230430,NaN,21,1,2,163,0
0.341189723625417,4,230430,NaN,21,1,2,164,0
0.32441416731896,4,230430,NaN,21,1,2,165,0
0.313271719773154,4,230430,NaN,21,1,2,166,0
0.311309613510685,4,230430,NaN,21,1,2,167,0
0.315490810229254,4,230430,NaN,21,1,2,168,0
0.319166454788766,4,230430,NaN,21,1,2,169,0
0.321232767749719,4,230430,NaN,21,1,2,170,0
0.316030760877823,4,230430,NaN,21,1,2,171,0
0.30471548531765,4,230430,NaN,21,1,2,172,0
0.293915394299677,4,230430,NaN,21,1,2,173,0
0.285803904671959,4,230430,NaN,21,1,2,174,0
0.286521365193913,4,230430,NaN,21,1,2,175,0
0.296612531276583,4,230430,NaN,21,1,2,176,0
0.303595213359337,4,230430,NaN,21,1,2,177,0
0.305814806166984,4,230430,NaN,21,1,2,178,0
0.298373096782863,4,230430,NaN,21,1,2,179,0
0.282903537588123,4,230430,NaN,21,1,2,180,0
0.266704907146741,4,230430,NaN,21,1,2,181,0
-0.0573245510931278,4,230430,NaN,156,1,2,100,0
-0.0507494270919676,4,230430,NaN,156,1,2,101,0
-0.0352692312349294,4,230430,NaN,156,1,2,102,0
-0.0180879828963606,4,230430,NaN,156,1,2,103,0
-0.00919391221165267,4,230430,NaN,156,1,2,104,0
-0.00163665695105819,4,230430,NaN,156,1,2,105,0
0.00832427204247133,4,230430,NaN,156,1,2,106,0
0.0104070328329867,4,230430,NaN,156,1,2,107,0
0.0107103210856142,4,230430,NaN,156,1,2,108,0
0.0163850772360156,4,230430,NaN,156,1,2,109,0
0.0214169847720843,4,230430,NaN,156,1,2,110,0
0.0297785379104538,4,230430,NaN,156,1,2,111,0
0.0263495001003583,4,230430,NaN,156,1,2,112,0
0.0119169105991921,4,230430,NaN,156,1,2,113,0
-0.000553581627392497,4,230430,NaN,156,1,2,114,0
-0.0146697602484291,4,230430,NaN,156,1,2,115,0
-0.0212263346834161,4,230430,NaN,156,1,2,116,0
-0.0118899028255636,4,230430,NaN,156,1,2,117,0
-0.00215488370912154,4,230430,NaN,156,1,2,118,0
0.0107455296324456,4,230430,NaN,156,1,2,119,0
0.0193975072682704,4,230430,NaN,156,1,2,120,0
0.0234455219584307,4,230430,NaN,156,1,2,121,0
0.0227240331764865,4,230430,NaN,156,1,2,122,0
0.0233656424383513,4,230430,NaN,156,1,2,123,0
0.0212793286505052,4,230430,NaN,156,1,2,124,0
0.0272602202192046,4,230430,NaN,156,1,2,125,0
0.0351948509918455,4,230430,NaN,156,1,2,126,0
0.0427548660559908,4,230430,NaN,156,1,2,127,0
0.0486411318996177,4,230430,NaN,156,1,2,128,0
0.0580008168020097,4,230430,NaN,156,1,2,129,0
0.0667955642313134,4,230430,NaN,156,1,2,130,0
0.0756238698753726,4,230430,NaN,156,1,2,131,0
0.0823112553453244,4,230430,NaN,156,1,2,132,0
0.0843495337793114,4,230430,NaN,156,1,2,133,0
0.0918946579221535,4,230430,NaN,156,1,2,134,0
0.0968349320301973,4,230430,NaN,156,1,2,135,0
0.0928810893469182,4,230430,NaN,156,1,2,136,0
0.0822808633652261,4,230430,NaN,156,1,2,137,0
0.0656836392461605,4,230430,NaN,156,1,2,138,0
0.0471302980713129,4,230430,NaN,156,1,2,139,0
0.0347806867115977,4,230430,NaN,156,1,2,140,0
0.0301439723761742,4,230430,NaN,156,1,2,141,0
0.0331011493185032,4,230430,NaN,156,1,2,142,0
0.0307843003614374,4,230430,NaN,156,1,2,143,0
0.029021061569625,4,230430,NaN,156,1,2,144,0
0.0305166789935509,4,230430,NaN,156,1,2,145,0
0.0362312858895527,4,230430,NaN,156,1,2,146,0
0.0475994309237447,4,230430,NaN,156,1,2,147,0
0.0506624108964018,4,230430,NaN,156,1,2,148,0
0.0390246197410229,4,230430,NaN,156,1,2,149,0
0.0177046593479698,4,230430,NaN,156,1,2,150,0
-0.00354647263584695,4,230430,NaN,156,1,2,151,0
-0.0215017027215901,4,230430,NaN,156,1,2,152,0
-0.0321477217167857,4,230430,NaN,156,1,2,153,0
-0.0382996581312,4,230430,NaN,156,1,2,154,0
-0.0452111035321694,4,230430,NaN,156,1,2,155,0
-0.0487948360476987,4,230430,NaN,156,1,2,156,0
-0.0611193438725172,4,230430,NaN,156,1,2,157,0
-0.073712162179459,4,230430,NaN,156,1,2,158,0
-0.0821042494667634,4,230430,NaN,156,1,2,159,0
-0.0771433514423183,4,230430,NaN,156,1,2,160,0
-0.0533332388703122,4,230430,NaN,156,1,2,161,0
-0.0214536610300454,4,230430,NaN,156,1,2,162,0
0.00081740182659118,4,230430,NaN,156,1,2,163,0
0.00648580466393345,4,230430,NaN,156,1,2,164,0
0.00116221636982539,4,230430,NaN,156,1,2,165,0
-0.0170793601278729,4,230430,NaN,156,1,2,166,0
-0.0375036723514112,4,230430,NaN,156,1,2,167,0
-0.0510278953701155,4,230430,NaN,156,1,2,168,0
-0.0566264925259242,4,230430,NaN,156,1,2,169,0
-0.0513816273774286,4,230430,NaN,156,1,2,170,0
-0.0470423643917952,4,230430,NaN,156,1,2,171,0
-0.0394497333788385,4,230430,NaN,156,1,2,172,0
-0.0342484027806175,4,230430,NaN,156,1,2,173,0
-0.0406632045602461,4,230430,NaN,156,1,2,174,0
-0.0490714758426142,4,230430,NaN,156,1,2,175,0
-0.0479294684332794,4,230430,NaN,156,1,2,176,0
-0.0490129804814434,4,230430,NaN,156,1,2,177,0
-0.0513240003749702,4,230430,NaN,156,1,2,178,0
-0.0574962342093026,4,230430,NaN,156,1,2,179,0
-0.0710681327893339,4,230430,NaN,156,1,2,180,0
-0.0802603289351034,4,230430,NaN,156,1,2,181,0
-0.0184722104866982,57,220329,NaN,76,1,2,100,0
-0.022899990322272,57,220329,NaN,76,1,2,101,0
-0.020631776648537,57,220329,NaN,76,1,2,102,0
-0.0152301932980544,57,220329,NaN,76,1,2,103,0
-0.0113710413939849,57,220329,NaN,76,1,2,104,0
-0.0111612395254179,57,220329,NaN,76,1,2,105,0
-0.0166408884079965,57,220329,NaN,76,1,2,106,0
-0.0260983045782751,57,220329,NaN,76,1,2,107,0
-0.0333292643935081,57,220329,NaN,76,1,2,108,0
-0.0394239875761059,57,220329,NaN,76,1,2,109,0
-0.044470079034122,57,220329,NaN,76,1,2,110,0
-0.0473521774052934,57,220329,NaN,76,1,2,111,0
-0.0500353267759692,57,220329,NaN,76,1,2,112,0
-0.049981134596074,57,220329,NaN,76,1,2,113,0
-0.047734143756118,57,220329,NaN,76,1,2,114,0
-0.045541370548516,57,220329,NaN,76,1,2,115,0
-0.0411027307123121,57,220329,NaN,76,1,2,116,0
-0.013276002857917,57,220329,NaN,76,1,2,117,0
0.0510536119800701,57,220329,NaN,76,1,2,118,0
0.163653166546853,57,220329,NaN,76,1,2,119,0
0.32157287330355,57,220329,NaN,76,1,2,120,0
0.491995540329407,57,220329,NaN,76,1,2,121,0
0.628003209487461,57,220329,NaN,76,1,2,122,0
0.699794489194459,57,220329,NaN,76,1,2,123,0
0.713190334762964,57,220329,NaN,76,1,2,124,0
0.694675131619316,57,220329,NaN,76,1,2,125,0
0.668172370118655,57,220329,NaN,76,1,2,126,0
0.644508338126401,57,220329,NaN,76,1,2,127,0
0.628941720953192,57,220329,NaN,76,1,2,128,0
0.621048492403856,57,220329,NaN,76,1,2,129,0
0.616197025178865,57,220329,NaN,76,1,2,130,0
0.611847948303622,57,220329,NaN,76,1,2,131,0
0.604553656816239,57,220329,NaN,76,1,2,132,0
0.596150209465402,57,220329,NaN,76,1,2,133,0
0.587810153788506,57,220329,NaN,76,1,2,134,0
0.58224067354472,57,220329,NaN,76,1,2,135,0
0.580725716499059,57,220329,NaN,76,1,2,136,0
0.581727191423116,57,220329,NaN,76,1,2,137,0
0.58462063547819,57,220329,NaN,76,1,2,138,0
0.58621741479551,57,220329,NaN,76,1,2,139,0
0.587396621310433,57,220329,NaN,76,1,2,140,0
0.588177066261305,57,220329,NaN,76,1,2,141,0
0.58902218507879,57,220329,NaN,76,1,2,142,0
0.589681237600747,57,220329,NaN,76,1,2,143,0
0.590125776453483,57,220329,NaN,76,1,2,144,0
0.59038797705573,57,220329,NaN,76,1,2,145,0
0.589553743431935,57,220329,NaN,76,1,2,146,0
0.588418265982026,57,220329,NaN,76,1,2,147,0
0.587727940930959,57,220329,NaN,76,1,2,148,0
0.587270163341749,57,220329,NaN,76,1,2,149,0
0.585439881558045,57,220329,NaN,76,1,2,150,0
0.581347757948781,57,220329,NaN,76,1,2,151,0
0.574783422997796,57,220329,NaN,76,1,2,152,0
0.567079275582375,57,220329,NaN,76,1,2,153,0
0.560854907452313,57,220329,NaN,76,1,2,154,0
0.555485893321278,57,220329,NaN,76,1,2,155,0
0.550861756982613,57,220329,NaN,76,1,2,156,0
0.545818286983636,57,220329,NaN,76,1,2,157,0
0.540224029074615,57,220329,NaN,76,1,2,158,0
0.534833816108525,57,220329,NaN,76,1,2,159,0
0.532793224429476,57,220329,NaN,76,1,2,160,0
0.533893478848061,57,220329,NaN,76,1,2,161,0
0.537526521102599,57,220329,NaN,76,1,2,162,0
0.539680347355984,57,220329,NaN,76,1,2,163,0
0.537370491823029,57,220329,NaN,76,1,2,164,0
0.533509292963344,57,220329,NaN,76,1,2,165,0
0.530136522639271,57,220329,NaN,76,1,2,166,0
0.529165406113243,57,220329,NaN,76,1,2,167,0
0.530556461352299,57,220329,NaN,76,1,2,168,0
0.532550519796235,57,220329,NaN,76,1,2,169,0
0.530486396930401,57,220329,NaN,76,1,2,170,0
0.521060435399098,57,220329,NaN,76,1,2,171,0
0.501937411400922,57,220329,NaN,76,1,2,172,0
0.472044243405302,57,220329,NaN,76,1,2,173,0
0.436823282546426,57,220329,NaN,76,1,2,174,0
0.400229230142251,57,220329,NaN,76,1,2,175,0
0.365812543623678,57,220329,NaN,76,1,2,176,0
0.33680832609937,57,220329,NaN,76,1,2,177,0
0.30937353282497,57,220329,NaN,76,1,2,178,0
0.282943052824435,57,220329,NaN,76,1,2,179,0
0.258967506607814,57,220329,NaN,76,1,2,180,0
0.237528918630885,57,220329,NaN,76,1,2,181,0
-0.0168420160681992,57,220329,NaN,85,1,2,100,0
-0.0300629455889989,57,220329,NaN,85,1,2,101,0
-0.0341790231831535,57,220329,NaN,85,1,2,102,0
-0.0303758861152497,57,220329,NaN,85,1,2,103,0
-0.0247886770517581,57,220329,NaN,85,1,2,104,0
-0.0213627173429888,57,220329,NaN,85,1,2,105,0
-0.0231277294772126,57,220329,NaN,85,1,2,106,0
-0.0295251489805592,57,220329,NaN,85,1,2,107,0
-0.0351206564217634,57,220329,NaN,85,1,2,108,0
-0.0381129253966352,57,220329,NaN,85,1,2,109,0
-0.0392504257401408,57,220329,NaN,85,1,2,110,0
-0.0373977429436526,57,220329,NaN,85,1,2,111,0
-0.0388187103305826,57,220329,NaN,85,1,2,112,0
-0.0420482227022301,57,220329,NaN,85,1,2,113,0
-0.0456424323032627,57,220329,NaN,85,1,2,114,0
-0.0510706571833348,57,220329,NaN,85,1,2,115,0
-0.0537773261382986,57,220329,NaN,85,1,2,116,0
-0.0251763206211806,57,220329,NaN,85,1,2,117,0
0.0501193674825523,57,220329,NaN,85,1,2,118,0
0.183705423809622,57,220329,NaN,85,1,2,119,0
0.366012756228829,57,220329,NaN,85,1,2,120,0
0.55463539325228,57,220329,NaN,85,1,2,121,0
0.695913966127514,57,220329,NaN,85,1,2,122,0
0.758619518897431,57,220329,NaN,85,1,2,123,0
0.754551923224461,57,220329,NaN,85,1,2,124,0
0.716546787104682,57,220329,NaN,85,1,2,125,0
0.674080929401681,57,220329,NaN,85,1,2,126,0
0.638462319488362,57,220329,NaN,85,1,2,127,0
0.618485386488659,57,220329,NaN,85,1,2,128,0
0.612290268947522,57,220329,NaN,85,1,2,129,0
0.612772635753789,57,220329,NaN,85,1,2,130,0
0.617924778992811,57,220329,NaN,85,1,2,131,0
0.622026667461051,57,220329,NaN,85,1,2,132,0
0.621601994320691,57,220329,NaN,85,1,2,133,0
0.621598314634845,57,220329,NaN,85,1,2,134,0
0.623983174937431,57,220329,NaN,85,1,2,135,0
0.629655938140404,57,220329,NaN,85,1,2,136,0
0.636227416914842,57,220329,NaN,85,1,2,137,0
0.645234349704093,57,220329,NaN,85,1,2,138,0
0.655382604570642,57,220329,NaN,85,1,2,139,0
0.665076943140532,57,220329,NaN,85,1,2,140,0
0.671962879611103,57,220329,NaN,85,1,2,141,0
0.676823430531388,57,220329,NaN,85,1,2,142,0
0.678589597516979,57,220329,NaN,85,1,2,143,0
0.677534419005376,57,220329,NaN,85,1,2,144,0
0.679396063938452,57,220329,NaN,85,1,2,145,0
0.682768018565586,57,220329,NaN,85,1,2,146,0
0.686511172199495,57,220329,NaN,85,1,2,147,0
0.688575956881411,57,220329,NaN,85,1,2,148,0
0.685867526624232,57,220329,NaN,85,1,2,149,0
0.68018864653407,57,220329,NaN,85,1,2,150,0
0.669887053790197,57,220329,NaN,85,1,2,151,0
0.656374022184365,57,220329,NaN,85,1,2,152,0
0.648360174227373,57,220329,NaN,85,1,2,153,0
0.650198280287112,57,220329,NaN,85,1,2,154,0
0.658100588497446,57,220329,NaN,85,1,2,155,0
0.676245259272119,57,220329,NaN,85,1,2,156,0
0.692528181905335,57,220329,NaN,85,1,2,157,0
0.704096765080439,57,220329,NaN,85,1,2,158,0
0.709232625820731,57,220329,NaN,85,1,2,159,0
0.709029639338095,57,220329,NaN,85,1,2,160,0
0.703633209120435,57,220329,NaN,85,1,2,161,0
0.699211882985196,57,220329,NaN,85,1,2,162,0
0.693236531277979,57,220329,NaN,85,1,2,163,0
0.689337923597668,57,220329,NaN,85,1,2,164,0
0.694973469126088,57,220329,NaN,85,1,2,165,0
0.707563613462056,57,220329,NaN,85,1,2,166,0
0.723659037259901,57,220329,NaN,85,1,2,167,0
0.740722006151714,57,220329,NaN,85,1,2,168,0
0.751869332645412,57,220329,NaN,85,1,2,169,0
0.748790480282496,57,220329,NaN,85,1,2,170,0
0.736191912100871,57,220329,NaN,85,1,2,171,0
0.711256100246032,57,220329,NaN,85,1,2,172,0
0.672326778435954,57,220329,NaN,85,1,2,173,0
0.628920740673268,57,220329,NaN,85,1,2,174,0
0.580264775256999,57,220329,NaN,85,1,2,175,0
0.531408368218971,57,220329,NaN,85,1,2,176,0
0.490491500936935,57,220329,NaN,85,1,2,177,0
0.455992722629334,57,220329,NaN,85,1,2,178,0
0.429302517180338,57,220329,NaN,85,1,2,179,0
0.405828756938955,57,220329,NaN,85,1,2,180,0
0.383132209670466,57,220329,NaN,85,1,2,181,0
-0.0864648711641411,57,220330,NaN,31,1,2,100,0
-0.084499531918205,57,220330,NaN,31,1,2,101,0
-0.080155361387597,57,220330,NaN,31,1,2,102,0
-0.0767444672680113,57,220330,NaN,31,1,2,103,0
-0.0736524241348652,57,220330,NaN,31,1,2,104,0
-0.06896946819278,57,220330,NaN,31,1,2,105,0
-0.0616668498155335,57,220330,NaN,31,1,2,106,0
-0.0518131930421383,57,220330,NaN,31,1,2,107,0
-0.0429175777589289,57,220330,NaN,31,1,2,108,0
-0.0381719037654978,57,220330,NaN,31,1,2,109,0
-0.0354761574936975,57,220330,NaN,31,1,2,110,0
-0.0311794547234059,57,220330,NaN,31,1,2,111,0
-0.0249104762680805,57,220330,NaN,31,1,2,112,0
-0.0144408569898984,57,220330,NaN,31,1,2,113,0
-0.000737364525207673,57,220330,NaN,31,1,2,114,0
0.0132826069773291,57,220330,NaN,31,1,2,115,0
0.0227032834294823,57,220330,NaN,31,1,2,116,0
0.0455518773140095,57,220330,NaN,31,1,2,117,0
0.0980124139053282,57,220330,NaN,31,1,2,118,0
0.189184452616647,57,220330,NaN,31,1,2,119,0
0.316600453041051,57,220330,NaN,31,1,2,120,0
0.456587822101406,57,220330,NaN,31,1,2,121,0
0.568232417525597,57,220330,NaN,31,1,2,122,0
0.624846521625791,57,220330,NaN,31,1,2,123,0
0.626039430972003,57,220330,NaN,31,1,2,124,0
0.596008465863677,57,220330,NaN,31,1,2,125,0
0.556968058883523,57,220330,NaN,31,1,2,126,0
0.518601002664396,57,220330,NaN,31,1,2,127,0
0.48690393754699,57,220330,NaN,31,1,2,128,0
0.460517867057146,57,220330,NaN,31,1,2,129,0
0.43581023414337,57,220330,NaN,31,1,2,130,0
0.412747799863083,57,220330,NaN,31,1,2,131,0
0.391782459682848,57,220330,NaN,31,1,2,132,0
0.374933504644422,57,220330,NaN,31,1,2,133,0
0.361556138502083,57,220330,NaN,31,1,2,134,0
0.350720597908794,57,220330,NaN,31,1,2,135,0
0.341510095370102,57,220330,NaN,31,1,2,136,0
0.334853976084109,57,220330,NaN,31,1,2,137,0
0.327791670281669,57,220330,NaN,31,1,2,138,0
0.321104320455461,57,220330,NaN,31,1,2,139,0
0.314781068930226,57,220330,NaN,31,1,2,140,0
0.306985437176284,57,220330,NaN,31,1,2,141,0
0.302079515485309,57,220330,NaN,31,1,2,142,0
0.301120443687688,57,220330,NaN,31,1,2,143,0
0.302596713935913,57,220330,NaN,31,1,2,144,0
0.304677341504979,57,220330,NaN,31,1,2,145,0
0.304149599502938,57,220330,NaN,31,1,2,146,0
0.299097205646642,57,220330,NaN,31,1,2,147,0
0.291686046006381,57,220330,NaN,31,1,2,148,0
0.28473545639888,57,220330,NaN,31,1,2,149,0
0.281061669298567,57,220330,NaN,31,1,2,150,0
0.282856456861685,57,220330,NaN,31,1,2,151,0
0.28616936245578,57,220330,NaN,31,1,2,152,0
0.291450197769677,57,220330,NaN,31,1,2,153,0
0.30144890326076,57,220330,NaN,31,1,2,154,0
0.313090748699334,57,220330,NaN,31,1,2,155,0
0.326075536869543,57,220330,NaN,31,1,2,156,0
0.337499908575248,57,220330,NaN,31,1,2,157,0
0.345773914014359,57,220330,NaN,31,1,2,158,0
0.349265769621952,57,220330,NaN,31,1,2,159,0
0.347011215127673,57,220330,NaN,31,1,2,160,0
0.335861880089784,57,220330,NaN,31,1,2,161,0
0.315837919142862,57,220330,NaN,31,1,2,162,0
0.290859652260905,57,220330,NaN,31,1,2,163,0
0.265163091179367,57,220330,NaN,31,1,2,164,0
0.243831280888694,57,220330,NaN,31,1,2,165,0
0.227943263709117,57,220330,NaN,31,1,2,166,0
0.21470934510004,57,220330,NaN,31,1,2,167,0
0.19992468565237,57,220330,NaN,31,1,2,168,0
0.182611334717204,57,220330,NaN,31,1,2,169,0
0.160756326659747,57,220330,NaN,31,1,2,170,0
0.135481948099509,57,220330,NaN,31,1,2,171,0
0.10795981926871,57,220330,NaN,31,1,2,172,0
0.0830417085919871,57,220330,NaN,31,1,2,173,0
0.0644539021139048,57,220330,NaN,31,1,2,174,0
0.0505389170317997,57,220330,NaN,31,1,2,175,0
0.0444160647590238,57,220330,NaN,31,1,2,176,0
0.0410819179278747,57,220330,NaN,31,1,2,177,0
0.0409498797925535,57,220330,NaN,31,1,2,178,0
0.040627163596712,57,220330,NaN,31,1,2,179,0
0.0384688832073755,57,220330,NaN,31,1,2,180,0
0.035619277098325,57,220330,NaN,31,1,2,181,0
-0.0415335559557034,57,220330,NaN,74,1,2,100,0
-0.0422813862185009,57,220330,NaN,74,1,2,101,0
-0.0399181742962725,57,220330,NaN,74,1,2,102,0
-0.0365469034759694,57,220330,NaN,74,1,2,103,0
-0.0329407870354963,57,220330,NaN,74,1,2,104,0
-0.0294529722741441,57,220330,NaN,74,1,2,105,0
-0.0270001013697956,57,220330,NaN,74,1,2,106,0
-0.0254579001112337,57,220330,NaN,74,1,2,107,0
-0.0246969692024318,57,220330,NaN,74,1,2,108,0
-0.0256390184334835,57,220330,NaN,74,1,2,109,0
-0.0282957923427406,57,220330,NaN,74,1,2,110,0
-0.0309323993153016,57,220330,NaN,74,1,2,111,0
-0.0339780601231095,57,220330,NaN,74,1,2,112,0
-0.0367273867180208,57,220330,NaN,74,1,2,113,0
-0.0402722577974092,57,220330,NaN,74,1,2,114,0
-0.0447750734967028,57,220330,NaN,74,1,2,115,0
-0.0478763205085461,57,220330,NaN,74,1,2,116,0
-0.0264447313899933,57,220330,NaN,74,1,2,117,0
0.0423443055146236,57,220330,NaN,74,1,2,118,0
0.170861940162033,57,220330,NaN,74,1,2,119,0
0.360029988432495,57,220330,NaN,74,1,2,120,0
0.57222725203745,57,220330,NaN,74,1,2,121,0
0.748249845204754,57,220330,NaN,74,1,2,122,0
0.845874192786393,57,220330,NaN,74,1,2,123,0
0.86311213497917,57,220330,NaN,74,1,2,124,0
0.829397646341316,57,220330,NaN,74,1,2,125,0
0.777700610960737,57,220330,NaN,74,1,2,126,0
0.727957058464166,57,220330,NaN,74,1,2,127,0
0.688442796192698,57,220330,NaN,74,1,2,128,0
0.65869614987055,57,220330,NaN,74,1,2,129,0
0.635206665374229,57,220330,NaN,74,1,2,130,0
0.616176432009195,57,220330,NaN,74,1,2,131,0
0.601223735444189,57,220330,NaN,74,1,2,132,0
0.590848020274129,57,220330,NaN,74,1,2,133,0
0.584262784264868,57,220330,NaN,74,1,2,134,0
0.57826218757042,57,220330,NaN,74,1,2,135,0
0.573851648272305,57,220330,NaN,74,1,2,136,0
0.56947099957616,57,220330,NaN,74,1,2,137,0
0.563741622983891,57,220330,NaN,74,1,2,138,0
0.5613393747739,57,220330,NaN,74,1,2,139,0
0.560998332739545,57,220330,NaN,74,1,2,140,0
0.561203912322982,57,220330,NaN,74,1,2,141,0
0.561890174303527,57,220330,NaN,74,1,2,142,0
0.560301042310072,57,220330,NaN,74,1,2,143,0
0.554086986470226,57,220330,NaN,74,1,2,144,0
0.546213518155721,57,220330,NaN,74,1,2,145,0
0.536899580884965,57,220330,NaN,74,1,2,146,0
0.529470382618563,57,220330,NaN,74,1,2,147,0
0.524869255180386,57,220330,NaN,74,1,2,148,0
0.5214685486732,57,220330,NaN,74,1,2,149,0
0.519949312416546,57,220330,NaN,74,1,2,150,0
0.519395275391698,57,220330,NaN,74,1,2,151,0
0.51533920584271,57,220330,NaN,74,1,2,152,0
0.511810124736966,57,220330,NaN,74,1,2,153,0
0.506225337626591,57,220330,NaN,74,1,2,154,0
0.497547472038736,57,220330,NaN,74,1,2,155,0
0.488324275981278,57,220330,NaN,74,1,2,156,0
0.480010635838953,57,220330,NaN,74,1,2,157,0
0.47522487615292,57,220330,NaN,74,1,2,158,0
0.472632106412732,57,220330,NaN,74,1,2,159,0
0.470207024401094,57,220330,NaN,74,1,2,160,0
0.463260143500443,57,220330,NaN,74,1,2,161,0
0.449574469154597,57,220330,NaN,74,1,2,162,0
0.430727145768696,57,220330,NaN,74,1,2,163,0
0.408077363291791,57,220330,NaN,74,1,2,164,0
0.384989402110071,57,220330,NaN,74,1,2,165,0
0.364245283813961,57,220330,NaN,74,1,2,166,0
0.345453206056655,57,220330,NaN,74,1,2,167,0
0.325807212760514,57,220330,NaN,74,1,2,168,0
0.304366701312082,57,220330,NaN,74,1,2,169,0
0.279594477797615,57,220330,NaN,74,1,2,170,0
0.254260748151164,57,220330,NaN,74,1,2,171,0
0.231951897533601,57,220330,NaN,74,1,2,172,0
0.215215938440698,57,220330,NaN,74,1,2,173,0
0.204778985002241,57,220330,NaN,74,1,2,174,0
0.198711485697131,57,220330,NaN,74,1,2,175,0
0.195202926017305,57,220330,NaN,74,1,2,176,0
0.191844762042396,57,220330,NaN,74,1,2,177,0
0.186485960503968,57,220330,NaN,74,1,2,178,0
0.17939029918618,57,220330,NaN,74,1,2,179,0
0.171552698764813,57,220330,NaN,74,1,2,180,0
0.161133383074264,57,220330,NaN,74,1,2,181,0
-0.0146899390220535,57,220331,NaN,67,1,2,100,0
-0.0144275238565341,57,220331,NaN,67,1,2,101,0
-0.0106690963067955,57,220331,NaN,67,1,2,102,0
-0.00683681542103609,57,220331,NaN,67,1,2,103,0
-0.0056412833751075,57,220331,NaN,67,1,2,104,0
-0.00662355396246983,57,220331,NaN,67,1,2,105,0
-0.00897215148819358,57,220331,NaN,67,1,2,106,0
-0.0139425157417829,57,220331,NaN,67,1,2,107,0
-0.0190428559407856,57,220331,NaN,67,1,2,108,0
-0.0235797489021709,57,220331,NaN,67,1,2,109,0
-0.0255136148103141,57,220331,NaN,67,1,2,110,0
-0.026214385197881,57,220331,NaN,67,1,2,111,0
-0.0274059799468888,57,220331,NaN,67,1,2,112,0
-0.0273078120086243,57,220331,NaN,67,1,2,113,0
-0.02951229629778,57,220331,NaN,67,1,2,114,0
-0.0338389577456226,57,220331,NaN,67,1,2,115,0
-0.0386389903104269,57,220331,NaN,67,1,2,116,0
-0.0269758425393105,57,220331,NaN,67,1,2,117,0
0.0155418125066521,57,220331,NaN,67,1,2,118,0
0.100827437152228,57,220331,NaN,67,1,2,119,0
0.228774174192844,57,220331,NaN,67,1,2,120,0
0.376955454438479,57,220331,NaN,67,1,2,121,0
0.503285011994869,57,220331,NaN,67,1,2,122,0
0.577526720954551,57,220331,NaN,67,1,2,123,0
0.598447400990597,57,220331,NaN,67,1,2,124,0
0.584584619975362,57,220331,NaN,67,1,2,125,0
0.558769817263571,57,220331,NaN,67,1,2,126,0
0.536097800286279,57,220331,NaN,67,1,2,127,0
0.520587210535894,57,220331,NaN,67,1,2,128,0
0.515822146565217,57,220331,NaN,67,1,2,129,0
0.517142111199211,57,220331,NaN,67,1,2,130,0
0.521109406374105,57,220331,NaN,67,1,2,131,0
0.525816124466405,57,220331,NaN,67,1,2,132,0
0.52977392478859,57,220331,NaN,67,1,2,133,0
0.531788299281651,57,220331,NaN,67,1,2,134,0
0.531901139606718,57,220331,NaN,67,1,2,135,0
0.53056220915749,57,220331,NaN,67,1,2,136,0
0.525530239337449,57,220331,NaN,67,1,2,137,0
0.520689870933423,57,220331,NaN,67,1,2,138,0
0.516008444999591,57,220331,NaN,67,1,2,139,0
0.512467875819938,57,220331,NaN,67,1,2,140,0
0.509847277395317,57,220331,NaN,67,1,2,141,0
0.509699108947921,57,220331,NaN,67,1,2,142,0
0.512861947543861,57,220331,NaN,67,1,2,143,0
0.516524215930375,57,220331,NaN,67,1,2,144,0
0.515069961782119,57,220331,NaN,67,1,2,145,0
0.508305337833941,57,220331,NaN,67,1,2,146,0
0.498472448109826,57,220331,NaN,67,1,2,147,0
0.48943221065463,57,220331,NaN,67,1,2,148,0
0.484553799655222,57,220331,NaN,67,1,2,149,0
0.484510954907009,57,220331,NaN,67,1,2,150,0
0.489315666516154,57,220331,NaN,67,1,2,151,0
0.494607711549163,57,220331,NaN,67,1,2,152,0
0.498826953357122,57,220331,NaN,67,1,2,153,0
0.50505286518841,57,220331,NaN,67,1,2,154,0
0.508009282276306,57,220331,NaN,67,1,2,155,0
0.505634657818033,57,220331,NaN,67,1,2,156,0
0.498689052008891,57,220331,NaN,67,1,2,157,0
0.489378532953373,57,220331,NaN,67,1,2,158,0
0.48112155013693,57,220331,NaN,67,1,2,159,0
0.480130824972516,57,220331,NaN,67,1,2,160,0
0.484277796917553,57,220331,NaN,67,1,2,161,0
0.490681527376509,57,220331,NaN,67,1,2,162,0
0.495638014475713,57,220331,NaN,67,1,2,163,0
0.495191429239755,57,220331,NaN,67,1,2,164,0
0.490001628654777,57,220331,NaN,67,1,2,165,0
0.483401375163961,57,220331,NaN,67,1,2,166,0
0.477633560734045,57,220331,NaN,67,1,2,167,0
0.474479495210461,57,220331,NaN,67,1,2,168,0
0.472874655736509,57,220331,NaN,67,1,2,169,0
0.472099514702761,57,220331,NaN,67,1,2,170,0
0.473207904023539,57,220331,NaN,67,1,2,171,0
0.476307929952705,57,220331,NaN,67,1,2,172,0
0.480018205951808,57,220331,NaN,67,1,2,173,0
0.486690262481599,57,220331,NaN,67,1,2,174,0
0.492966699656116,57,220331,NaN,67,1,2,175,0
0.499597339714964,57,220331,NaN,67,1,2,176,0
0.50559327888241,57,220331,NaN,67,1,2,177,0
0.506236800745827,57,220331,NaN,67,1,2,178,0
0.505787038952669,57,220331,NaN,67,1,2,179,0
0.50583900005129,57,220331,NaN,67,1,2,180,0
0.504394078497356,57,220331,NaN,67,1,2,181,0
-0.0241927795842212,57,220331,NaN,70,1,2,100,0
-0.0211473374885787,57,220331,NaN,70,1,2,101,0
-0.0169275386977614,57,220331,NaN,70,1,2,102,0
-0.0104012647584972,57,220331,NaN,70,1,2,103,0
-0.00593590408163974,57,220331,NaN,70,1,2,104,0
-0.00501489580152459,57,220331,NaN,70,1,2,105,0
-0.00606382925417387,57,220331,NaN,70,1,2,106,0
-0.0100681073929053,57,220331,NaN,70,1,2,107,0
-0.0180346802005013,57,220331,NaN,70,1,2,108,0
-0.0301603141138633,57,220331,NaN,70,1,2,109,0
-0.0404635871639806,57,220331,NaN,70,1,2,110,0
-0.0469386887828914,57,220331,NaN,70,1,2,111,0
-0.0512668781590757,57,220331,NaN,70,1,2,112,0
-0.0551661335440045,57,220331,NaN,70,1,2,113,0
-0.0563813866538417,57,220331,NaN,70,1,2,114,0
-0.0558411610894796,57,220331,NaN,70,1,2,115,0
-0.0522836289869434,57,220331,NaN,70,1,2,116,0
-0.02245950910344,57,220331,NaN,70,1,2,117,0
0.0430994714845727,57,220331,NaN,70,1,2,118,0
0.153928053076666,57,220331,NaN,70,1,2,119,0
0.307527320711864,57,220331,NaN,70,1,2,120,0
0.470347366847776,57,220331,NaN,70,1,2,121,0
0.597012321882778,57,220331,NaN,70,1,2,122,0
0.66133424103809,57,220331,NaN,70,1,2,123,0
0.667289602695156,57,220331,NaN,70,1,2,124,0
0.63901501983696,57,220331,NaN,70,1,2,125,0
0.601580892725989,57,220331,NaN,70,1,2,126,0
0.568738819655231,57,220331,NaN,70,1,2,127,0
0.544003022763457,57,220331,NaN,70,1,2,128,0
0.533521760655729,57,220331,NaN,70,1,2,129,0
0.529476845804773,57,220331,NaN,70,1,2,130,0
0.526479952796664,57,220331,NaN,70,1,2,131,0
0.521497147591938,57,220331,NaN,70,1,2,132,0
0.51218452239689,57,220331,NaN,70,1,2,133,0
0.503197549021347,57,220331,NaN,70,1,2,134,0
0.496562857706382,57,220331,NaN,70,1,2,135,0
0.491298198635236,57,220331,NaN,70,1,2,136,0
0.488598210177383,57,220331,NaN,70,1,2,137,0
0.48750081842999,57,220331,NaN,70,1,2,138,0
0.487356244622098,57,220331,NaN,70,1,2,139,0
0.48800391974954,57,220331,NaN,70,1,2,140,0
0.491569401976291,57,220331,NaN,70,1,2,141,0
0.495886678298563,57,220331,NaN,70,1,2,142,0
0.503710366449655,57,220331,NaN,70,1,2,143,0
0.510695148949551,57,220331,NaN,70,1,2,144,0
0.512961432890331,57,220331,NaN,70,1,2,145,0
0.513488711881955,57,220331,NaN,70,1,2,146,0
0.511991938403971,57,220331,NaN,70,1,2,147,0
0.510801706653344,57,220331,NaN,70,1,2,148,0
0.511521162910835,57,220331,NaN,70,1,2,149,0
0.513077375202404,57,220331,NaN,70,1,2,150,0
0.516194617488998,57,220331,NaN,70,1,2,151,0
0.516158772947408,57,220331,NaN,70,1,2,152,0
0.514500123505348,57,220331,NaN,70,1,2,153,0
0.515023368014967,57,220331,NaN,70,1,2,154,0
0.51480690084747,57,220331,NaN,70,1,2,155,0
0.514120300258541,57,220331,NaN,70,1,2,156,0
0.519249413762566,57,220331,NaN,70,1,2,157,0
0.525909704864754,57,220331,NaN,70,1,2,158,0
0.533086692829739,57,220331,NaN,70,1,2,159,0
0.538267290256153,57,220331,NaN,70,1,2,160,0
0.53829354929241,57,220331,NaN,70,1,2,161,0
0.53450575694562,57,220331,NaN,70,1,2,162,0
0.527934469683587,57,220331,NaN,70,1,2,163,0
0.518855643635212,57,220331,NaN,70,1,2,164,0
0.508792347502574,57,220331,NaN,70,1,2,165,0
0.499695697765872,57,220331,NaN,70,1,2,166,0
0.491727199516026,57,220331,NaN,70,1,2,167,0
0.485245591122826,57,220331,NaN,70,1,2,168,0
0.479789052005037,57,220331,NaN,70,1,2,169,0
0.475591004570156,57,220331,NaN,70,1,2,170,0
0.473089320507135,57,220331,NaN,70,1,2,171,0
0.473595337867078,57,220331,NaN,70,1,2,172,0
0.474909243267868,57,220331,NaN,70,1,2,173,0
0.4760077475788,57,220331,NaN,70,1,2,174,0
0.475181883589098,57,220331,NaN,70,1,2,175,0
0.472810380956629,57,220331,NaN,70,1,2,176,0
0.470356011956786,57,220331,NaN,70,1,2,177,0
0.468294638945945,57,220331,NaN,70,1,2,178,0
0.467928859271547,57,220331,NaN,70,1,2,179,0
0.463785349567847,57,220331,NaN,70,1,2,180,0
0.45571516860968,57,220331,NaN,70,1,2,181,0
-0.0562034697705456,62,221008,NaN,2,1,2,100,0
-0.0495633415559663,62,221008,NaN,2,1,2,101,0
-0.042563370833709,62,221008,NaN,2,1,2,102,0
-0.0428393030888368,62,221008,NaN,2,1,2,103,0
-0.0501038047746734,62,221008,NaN,2,1,2,104,0
-0.0598960650512413,62,221008,NaN,2,1,2,105,0
-0.0690769922691467,62,221008,NaN,2,1,2,106,0
-0.068492767219626,62,221008,NaN,2,1,2,107,0
-0.0601292235479375,62,221008,NaN,2,1,2,108,0
-0.0505838334617049,62,221008,NaN,2,1,2,109,0
-0.0403830568643419,62,221008,NaN,2,1,2,110,0
-0.0324650978031841,62,221008,NaN,2,1,2,111,0
-0.026622411531475,62,221008,NaN,2,1,2,112,0
-0.0205462700136089,62,221008,NaN,2,1,2,113,0
-0.0136298647684621,62,221008,NaN,2,1,2,114,0
-0.00766724887301951,62,221008,NaN,2,1,2,115,0
-0.00121788188876076,62,221008,NaN,2,1,2,116,0
0.0231392406310291,62,221008,NaN,2,1,2,117,0
0.0835425707433416,62,221008,NaN,2,1,2,118,0
0.188828712650181,62,221008,NaN,2,1,2,119,0
0.340270009521144,62,221008,NaN,2,1,2,120,0
0.503561472988795,62,221008,NaN,2,1,2,121,0
0.632830827071983,62,221008,NaN,2,1,2,122,0
0.701285531638857,62,221008,NaN,2,1,2,123,0
0.716962794960058,62,221008,NaN,2,1,2,124,0
0.707461606625783,62,221008,NaN,2,1,2,125,0
0.688274555932409,62,221008,NaN,2,1,2,126,0
0.667092509281496,62,221008,NaN,2,1,2,127,0
0.642738220877102,62,221008,NaN,2,1,2,128,0
0.61369243096299,62,221008,NaN,2,1,2,129,0
0.585026288624003,62,221008,NaN,2,1,2,130,0
0.564109951784068,62,221008,NaN,2,1,2,131,0
0.547725176420164,62,221008,NaN,2,1,2,132,0
0.537120538285052,62,221008,NaN,2,1,2,133,0
0.530774883351964,62,221008,NaN,2,1,2,134,0
0.52145731442728,62,221008,NaN,2,1,2,135,0
0.509418021251802,62,221008,NaN,2,1,2,136,0
0.497060207625222,62,221008,NaN,2,1,2,137,0
0.481307504877769,62,221008,NaN,2,1,2,138,0
0.471117745933687,62,221008,NaN,2,1,2,139,0
0.463345838209831,62,221008,NaN,2,1,2,140,0
0.461607433821418,62,221008,NaN,2,1,2,141,0
0.462675822662255,62,221008,NaN,2,1,2,142,0
0.462371850008219,62,221008,NaN,2,1,2,143,0
0.462550368957337,62,221008,NaN,2,1,2,144,0
0.459024224564952,62,221008,NaN,2,1,2,145,0
0.450494360326912,62,221008,NaN,2,1,2,146,0
0.444549042659006,62,221008,NaN,2,1,2,147,0
0.445040247857919,62,221008,NaN,2,1,2,148,0
0.454699064562492,62,221008,NaN,2,1,2,149,0
0.474892612750193,62,221008,NaN,2,1,2,150,0
0.499638224589179,62,221008,NaN,2,1,2,151,0
0.524473876316111,62,221008,NaN,2,1,2,152,0
0.551006322864692,62,221008,NaN,2,1,2,153,0
0.577136643818389,62,221008,NaN,2,1,2,154,0
0.602896567782523,62,221008,NaN,2,1,2,155,0
0.629484892469695,62,221008,NaN,2,1,2,156,0
0.645254057040331,62,221008,NaN,2,1,2,157,0
0.652518381285148,62,221008,NaN,2,1,2,158,0
0.647947510950763,62,221008,NaN,2,1,2,159,0
0.637642066400871,62,221008,NaN,2,1,2,160,0
0.625009102061969,62,221008,NaN,2,1,2,161,0
0.612321983689075,62,221008,NaN,2,1,2,162,0
0.606146691179807,62,221008,NaN,2,1,2,163,0
0.608055868867698,62,221008,NaN,2,1,2,164,0
0.609008757644282,62,221008,NaN,2,1,2,165,0
0.609495154146059,62,221008,NaN,2,1,2,166,0
0.611473564667131,62,221008,NaN,2,1,2,167,0
0.607497347893772,62,221008,NaN,2,1,2,168,0
0.597412527028904,62,221008,NaN,2,1,2,169,0
0.579959977939466,62,221008,NaN,2,1,2,170,0
0.556787829542252,62,221008,NaN,2,1,2,171,0
0.536401690940114,62,221008,NaN,2,1,2,172,0
0.524624237158405,62,221008,NaN,2,1,2,173,0
0.521290423199963,62,221008,NaN,2,1,2,174,0
0.528368097252051,62,221008,NaN,2,1,2,175,0
0.534804970425018,62,221008,NaN,2,1,2,176,0
0.538256998244359,62,221008,NaN,2,1,2,177,0
0.531857987371343,62,221008,NaN,2,1,2,178,0
0.523053522136214,62,221008,NaN,2,1,2,179,0
0.518207432401919,62,221008,NaN,2,1,2,180,0
0.519413961754805,62,221008,NaN,2,1,2,181,0
-0.0224538210601829,62,221008,NaN,4,1,2,100,0
-0.00393969376182302,62,221008,NaN,4,1,2,101,0
0.0175791963315348,62,221008,NaN,4,1,2,102,0
0.0357062576372978,62,221008,NaN,4,1,2,103,0
0.0459060434375258,62,221008,NaN,4,1,2,104,0
0.04876983279674,62,221008,NaN,4,1,2,105,0
0.0426469872954459,62,221008,NaN,4,1,2,106,0
0.0306224185692193,62,221008,NaN,4,1,2,107,0
0.0119192092620667,62,221008,NaN,4,1,2,108,0
-0.00735697692102766,62,221008,NaN,4,1,2,109,0
-0.020914370004697,62,221008,NaN,4,1,2,110,0
-0.0298173739891044,62,221008,NaN,4,1,2,111,0
-0.0326386727512449,62,221008,NaN,4,1,2,112,0
-0.0316446967752039,62,221008,NaN,4,1,2,113,0
-0.0347060541490466,62,221008,NaN,4,1,2,114,0
-0.0408676582032695,62,221008,NaN,4,1,2,115,0
-0.0514501722434936,62,221008,NaN,4,1,2,116,0
-0.051710179177591,62,221008,NaN,4,1,2,117,0
-0.0351232588287942,62,221008,NaN,4,1,2,118,0
0.0135232384588553,62,221008,NaN,4,1,2,119,0
0.0934959230166077,62,221008,NaN,4,1,2,120,0
0.186592485907851,62,221008,NaN,4,1,2,121,0
0.275374546115276,62,221008,NaN,4,1,2,122,0
0.330616995365306,62,221008,NaN,4,1,2,123,0
0.350863510783355,62,221008,NaN,4,1,2,124,0
0.345862985886562,62,221008,NaN,4,1,2,125,0
0.325011142431862,62,221008,NaN,4,1,2,126,0
0.300961329726341,62,221008,NaN,4,1,2,127,0
0.283433749212714,62,221008,NaN,4,1,2,128,0
0.263374320586446,62,221008,NaN,4,1,2,129,0
0.251194434688927,62,221008,NaN,4,1,2,130,0
0.239230566285921,62,221008,NaN,4,1,2,131,0
0.233208309016382,62,221008,NaN,4,1,2,132,0
0.242877054358742,62,221008,NaN,4,1,2,133,0
0.255076784965677,62,221008,NaN,4,1,2,134,0
0.273657031611027,62,221008,NaN,4,1,2,135,0
0.290859955720334,62,221008,NaN,4,1,2,136,0
0.29534169075075,62,221008,NaN,4,1,2,137,0
0.294269232867903,62,221008,NaN,4,1,2,138,0
0.292347233518207,62,221008,NaN,4,1,2,139,0
0.291851413515239,62,221008,NaN,4,1,2,140,0
0.295253243180995,62,221008,NaN,4,1,2,141,0
0.297510255228292,62,221008,NaN,4,1,2,142,0
0.300561038971255,62,221008,NaN,4,1,2,143,0
0.297898305200955,62,221008,NaN,4,1,2,144,0
0.290048453992785,62,221008,NaN,4,1,2,145,0
0.283640435572141,62,221008,NaN,4,1,2,146,0
0.281090112088039,62,221008,NaN,4,1,2,147,0
0.274859605227934,62,221008,NaN,4,1,2,148,0
0.273086041222658,62,221008,NaN,4,1,2,149,0
0.267569545951918,62,221008,NaN,4,1,2,150,0
0.261296858516479,62,221008,NaN,4,1,2,151,0
0.261769507726151,62,221008,NaN,4,1,2,152,0
0.264350546470122,62,221008,NaN,4,1,2,153,0
0.274772020900788,62,221008,NaN,4,1,2,154,0
0.287321340138266,62,221008,NaN,4,1,2,155,0
0.296277453324421,62,221008,NaN,4,1,2,156,0
0.303812518521799,62,221008,NaN,4,1,2,157,0
0.310194433927652,62,221008,NaN,4,1,2,158,0
0.307541298354416,62,221008,NaN,4,1,2,159,0
0.303493582485218,62,221008,NaN,4,1,2,160,0
0.296001430730821,62,221008,NaN,4,1,2,161,0
0.290312898463919,62,221008,NaN,4,1,2,162,0
0.288777400225124,62,221008,NaN,4,1,2,163,0
0.28730334027079,62,221008,NaN,4,1,2,164,0
0.290766562086036,62,221008,NaN,4,1,2,165,0
0.299161451339363,62,221008,NaN,4,1,2,166,0
0.308004447224084,62,221008,NaN,4,1,2,167,0
0.316631556821771,62,221008,NaN,4,1,2,168,0
0.323550549492005,62,221008,NaN,4,1,2,169,0
0.319927025912656,62,221008,NaN,4,1,2,170,0
0.308091860417861,62,221008,NaN,4,1,2,171,0
0.291738522031714,62,221008,NaN,4,1,2,172,0
0.279095762256802,62,221008,NaN,4,1,2,173,0
0.272921651302543,62,221008,NaN,4,1,2,174,0
0.272318077969057,62,221008,NaN,4,1,2,175,0
0.274453065147357,62,221008,NaN,4,1,2,176,0
0.280477861057281,62,221008,NaN,4,1,2,177,0
0.279148859506652,62,221008,NaN,4,1,2,178,0
0.275243278467821,62,221008,NaN,4,1,2,179,0
0.266779211720802,62,221008,NaN,4,1,2,180,0
0.256346510321852,62,221008,NaN,4,1,2,181,0
-0.0239116985435364,62,221008,NaN,242,1,2,100,0
-0.0305106278237863,62,221008,NaN,242,1,2,101,0
-0.0398603785537915,62,221008,NaN,242,1,2,102,0
-0.0489167414764085,62,221008,NaN,242,1,2,103,0
-0.0530115914675363,62,221008,NaN,242,1,2,104,0
-0.0469898788099764,62,221008,NaN,242,1,2,105,0
-0.0312003593363501,62,221008,NaN,242,1,2,106,0
-0.0166864731656819,62,221008,NaN,242,1,2,107,0
-0.0113899452334169,62,221008,NaN,242,1,2,108,0
-0.0116437374858417,62,221008,NaN,242,1,2,109,0
-0.0178201100627231,62,221008,NaN,242,1,2,110,0
-0.0266504953398444,62,221008,NaN,242,1,2,111,0
-0.0299218944922785,62,221008,NaN,242,1,2,112,0
-0.0305767846292488,62,221008,NaN,242,1,2,113,0
-0.03027102331684,62,221008,NaN,242,1,2,114,0
-0.027022945920072,62,221008,NaN,242,1,2,115,0
-0.0183480687334778,62,221008,NaN,242,1,2,116,0
0.00188316243665887,62,221008,NaN,242,1,2,117,0
0.0549213056383063,62,221008,NaN,242,1,2,118,0
0.146883835678077,62,221008,NaN,242,1,2,119,0
0.267132752094233,62,221008,NaN,242,1,2,120,0
0.408076475900146,62,221008,NaN,242,1,2,121,0
0.526727252915154,62,221008,NaN,242,1,2,122,0
0.585363055508649,62,221008,NaN,242,1,2,123,0
0.588729062718588,62,221008,NaN,242,1,2,124,0
0.551237405668428,62,221008,NaN,242,1,2,125,0
0.500501642767784,62,221008,NaN,242,1,2,126,0
0.458944811227034,62,221008,NaN,242,1,2,127,0
0.427772117008072,62,221008,NaN,242,1,2,128,0
0.416838669061505,62,221008,NaN,242,1,2,129,0
0.418254823306683,62,221008,NaN,242,1,2,130,0
0.417412153299638,62,221008,NaN,242,1,2,131,0
0.42297317851132,62,221008,NaN,242,1,2,132,0
0.418716110299342,62,221008,NaN,242,1,2,133,0
0.404964887608159,62,221008,NaN,242,1,2,134,0
0.390433564466496,62,221008,NaN,242,1,2,135,0
0.373918120561066,62,221008,NaN,242,1,2,136,0
0.366939788686273,62,221008,NaN,242,1,2,137,0
0.378106863955987,62,221008,NaN,242,1,2,138,0
0.394006408589551,62,221008,NaN,242,1,2,139,0
0.412797659912695,62,221008,NaN,242,1,2,140,0
0.42507417539848,62,221008,NaN,242,1,2,141,0
0.425158257546258,62,221008,NaN,242,1,2,142,0
0.418342295119216,62,221008,NaN,242,1,2,143,0
0.407445867840745,62,221008,NaN,242,1,2,144,0
0.397932470280846,62,221008,NaN,242,1,2,145,0
0.393886428420982,62,221008,NaN,242,1,2,146,0
0.390999456647606,62,221008,NaN,242,1,2,147,0
0.387626365310652,62,221008,NaN,242,1,2,148,0
0.380634626156559,62,221008,NaN,242,1,2,149,0
0.363468123145459,62,221008,NaN,242,1,2,150,0
0.3502804744191,62,221008,NaN,242,1,2,151,0
0.341152700574626,62,221008,NaN,242,1,2,152,0
0.340943150066934,62,221008,NaN,242,1,2,153,0
0.34759753301993,62,221008,NaN,242,1,2,154,0
0.351006654304454,62,221008,NaN,242,1,2,155,0
0.351675228751404,62,221008,NaN,242,1,2,156,0
0.353421237313676,62,221008,NaN,242,1,2,157,0
0.352067197165592,62,221008,NaN,242,1,2,158,0
0.355180869382929,62,221008,NaN,242,1,2,159,0
0.362853841667417,62,221008,NaN,242,1,2,160,0
0.367260897627245,62,221008,NaN,242,1,2,161,0
0.373664191252482,62,221008,NaN,242,1,2,162,0
0.37620475192919,62,221008,NaN,242,1,2,163,0
0.380347659378618,62,221008,NaN,242,1,2,164,0
0.38219666107638,62,221008,NaN,242,1,2,165,0
0.377378163908792,62,221008,NaN,242,1,2,166,0
0.378699706792472,62,221008,NaN,242,1,2,167,0
0.381875379333106,62,221008,NaN,242,1,2,168,0
0.381180660222296,62,221008,NaN,242,1,2,169,0
0.371746191476151,62,221008,NaN,242,1,2,170,0
0.351236598445548,62,221008,NaN,242,1,2,171,0
0.322566936140214,62,221008,NaN,242,1,2,172,0
0.295273040864111,62,221008,NaN,242,1,2,173,0
0.277603471293921,62,221008,NaN,242,1,2,174,0
0.270540281465318,62,221008,NaN,242,1,2,175,0
0.272667547619322,62,221008,NaN,242,1,2,176,0
0.276175731066275,62,221008,NaN,242,1,2,177,0
0.281497504206262,62,221008,NaN,242,1,2,178,0
0.287537604614413,62,221008,NaN,242,1,2,179,0
0.290568241607863,62,221008,NaN,242,1,2,180,0
0.294246388899319,62,221008,NaN,242,1,2,181,0
0.00204681873505674,62,221009,NaN,25,1,2,100,0
-0.0143535984954164,62,221009,NaN,25,1,2,101,0
-0.0280322984507707,62,221009,NaN,25,1,2,102,0
-0.0178556547347885,62,221009,NaN,25,1,2,103,0
0.0128418393617459,62,221009,NaN,25,1,2,104,0
0.0272227135134372,62,221009,NaN,25,1,2,105,0
0.0530529876850254,62,221009,NaN,25,1,2,106,0
0.0749571114799639,62,221009,NaN,25,1,2,107,0
0.0807821865662383,62,221009,NaN,25,1,2,108,0
0.0732331974897946,62,221009,NaN,25,1,2,109,0
0.0571479647775609,62,221009,NaN,25,1,2,110,0
0.0419622912776552,62,221009,NaN,25,1,2,111,0
0.026668259909442,62,221009,NaN,25,1,2,112,0
0.00868043561206255,62,221009,NaN,25,1,2,113,0
-0.0221525105228392,62,221009,NaN,25,1,2,114,0
-0.041732744091044,62,221009,NaN,25,1,2,115,0
-0.0531361377243947,62,221009,NaN,25,1,2,116,0
-0.0521823559142482,62,221009,NaN,25,1,2,117,0
-0.0532700307003098,62,221009,NaN,25,1,2,118,0
-0.0734272582310346,62,221009,NaN,25,1,2,119,0
-0.100406398808075,62,221009,NaN,25,1,2,120,0
-0.141751175158782,62,221009,NaN,25,1,2,121,0
-0.180883754481914,62,221009,NaN,25,1,2,122,0
-0.208414223777199,62,221009,NaN,25,1,2,123,0
-0.227684522973129,62,221009,NaN,25,1,2,124,0
-0.243369766267314,62,221009,NaN,25,1,2,125,0
-0.246598064273086,62,221009,NaN,25,1,2,126,0
-0.234295119341761,62,221009,NaN,25,1,2,127,0
-0.205915140027143,62,221009,NaN,25,1,2,128,0
-0.174576547522415,62,221009,NaN,25,1,2,129,0
-0.15623059969009,62,221009,NaN,25,1,2,130,0
-0.136541975111784,62,221009,NaN,25,1,2,131,0
-0.12253089738183,62,221009,NaN,25,1,2,132,0
-0.116690319222931,62,221009,NaN,25,1,2,133,0
-0.14012994276734,62,221009,NaN,25,1,2,134,0
-0.191589508882579,62,221009,NaN,25,1,2,135,0
-0.254153946678145,62,221009,NaN,25,1,2,136,0
-0.313478252796236,62,221009,NaN,25,1,2,137,0
-0.342454017388479,62,221009,NaN,25,1,2,138,0
-0.336892326135722,62,221009,NaN,25,1,2,139,0
-0.306880124174469,62,221009,NaN,25,1,2,140,0
-0.278568648697403,62,221009,NaN,25,1,2,141,0
-0.257319839512311,62,221009,NaN,25,1,2,142,0
-0.258560678783525,62,221009,NaN,25,1,2,143,0
-0.261672180634526,62,221009,NaN,25,1,2,144,0
-0.272503863919893,62,221009,NaN,25,1,2,145,0
-0.27957164655163,62,221009,NaN,25,1,2,146,0
-0.279658116976361,62,221009,NaN,25,1,2,147,0
-0.285951665004347,62,221009,NaN,25,1,2,148,0
-0.290797061454738,62,221009,NaN,25,1,2,149,0
-0.294718115703305,62,221009,NaN,25,1,2,150,0
-0.304478160289689,62,221009,NaN,25,1,2,151,0
-0.325932970299072,62,221009,NaN,25,1,2,152,0
-0.338553509388158,62,221009,NaN,25,1,2,153,0
-0.336117116202284,62,221009,NaN,25,1,2,154,0
-0.314231515632067,62,221009,NaN,25,1,2,155,0
-0.282225597261909,62,221009,NaN,25,1,2,156,0
-0.252279576889983,62,221009,NaN,25,1,2,157,0
-0.219044409402946,62,221009,NaN,25,1,2,158,0
-0.191005477116018,62,221009,NaN,25,1,2,159,0
-0.175486236858901,62,221009,NaN,25,1,2,160,0
-0.164621901336145,62,221009,NaN,25,1,2,161,0
-0.173411409530378,62,221009,NaN,25,1,2,162,0
-0.207142190078972,62,221009,NaN,25,1,2,163,0
-0.261434937936009,62,221009,NaN,25,1,2,164,0
-0.313978707442356,62,221009,NaN,25,1,2,165,0
-0.344439916227174,62,221009,NaN,25,1,2,166,0
-0.356565432392884,62,221009,NaN,25,1,2,167,0
-0.353569055074052,62,221009,NaN,25,1,2,168,0
-0.328184655491761,62,221009,NaN,25,1,2,169,0
-0.295785164357645,62,221009,NaN,25,1,2,170,0
-0.253464036762308,62,221009,NaN,25,1,2,171,0
-0.215632867779082,62,221009,NaN,25,1,2,172,0
-0.205069618939227,62,221009,NaN,25,1,2,173,0
-0.232533046362946,62,221009,NaN,25,1,2,174,0
-0.28038809911344,62,221009,NaN,25,1,2,175,0
-0.319704925309571,62,221009,NaN,25,1,2,176,0
-0.325756979192657,62,221009,NaN,25,1,2,177,0
-0.311051940088681,62,221009,NaN,25,1,2,178,0
-0.285093305879246,62,221009,NaN,25,1,2,179,0
-0.259541510207015,62,221009,NaN,25,1,2,180,0
-0.220752082706695,62,221009,NaN,25,1,2,181,0
-0.0356641921424192,63,221007,NaN,2,1,2,100,0
-0.0389370674813386,63,221007,NaN,2,1,2,101,0
-0.036513554388684,63,221007,NaN,2,1,2,102,0
-0.0283898876661158,63,221007,NaN,2,1,2,103,0
-0.01700712922869,63,221007,NaN,2,1,2,104,0
-0.0102114422008917,63,221007,NaN,2,1,2,105,0
-0.0100573036679039,63,221007,NaN,2,1,2,106,0
-0.0108836260430252,63,221007,NaN,2,1,2,107,0
-0.0139965538975713,63,221007,NaN,2,1,2,108,0
-0.0177140470641518,63,221007,NaN,2,1,2,109,0
-0.0205033014162434,63,221007,NaN,2,1,2,110,0
-0.0261021466814,63,221007,NaN,2,1,2,111,0
-0.0311416318170178,63,221007,NaN,2,1,2,112,0
-0.0359606577703391,63,221007,NaN,2,1,2,113,0
-0.0428028904081019,63,221007,NaN,2,1,2,114,0
-0.0467366022488236,63,221007,NaN,2,1,2,115,0
-0.0478918857262779,63,221007,NaN,2,1,2,116,0
-0.0313150460201472,63,221007,NaN,2,1,2,117,0
0.0272971479196104,63,221007,NaN,2,1,2,118,0
0.13905063250892,63,221007,NaN,2,1,2,119,0
0.299816993298192,63,221007,NaN,2,1,2,120,0
0.480983557682397,63,221007,NaN,2,1,2,121,0
0.625973762512614,63,221007,NaN,2,1,2,122,0
0.693433529200213,63,221007,NaN,2,1,2,123,0
0.688645651085573,63,221007,NaN,2,1,2,124,0
0.642192212001216,63,221007,NaN,2,1,2,125,0
0.580802804059824,63,221007,NaN,2,1,2,126,0
0.520259124450125,63,221007,NaN,2,1,2,127,0
0.471354090127562,63,221007,NaN,2,1,2,128,0
0.43106202230953,63,221007,NaN,2,1,2,129,0
0.392930406920138,63,221007,NaN,2,1,2,130,0
0.359296292178935,63,221007,NaN,2,1,2,131,0
0.340916528820121,63,221007,NaN,2,1,2,132,0
0.334826623609863,63,221007,NaN,2,1,2,133,0
0.341350188498148,63,221007,NaN,2,1,2,134,0
0.357599795854132,63,221007,NaN,2,1,2,135,0
0.369364042926254,63,221007,NaN,2,1,2,136,0
0.376941560160892,63,221007,NaN,2,1,2,137,0
0.37376317543712,63,221007,NaN,2,1,2,138,0
0.357319824240377,63,221007,NaN,2,1,2,139,0
0.336286806908494,63,221007,NaN,2,1,2,140,0
0.31825264226512,63,221007,NaN,2,1,2,141,0
0.304416065247387,63,221007,NaN,2,1,2,142,0
0.297853496350845,63,221007,NaN,2,1,2,143,0
0.30092277960308,63,221007,NaN,2,1,2,144,0
0.303132346645634,63,221007,NaN,2,1,2,145,0
0.303590135555833,63,221007,NaN,2,1,2,146,0
0.295498233753083,63,221007,NaN,2,1,2,147,0
0.282742205625179,63,221007,NaN,2,1,2,148,0
0.274864776935539,63,221007,NaN,2,1,2,149,0
0.27381978019098,63,221007,NaN,2,1,2,150,0
0.276969121789288,63,221007,NaN,2,1,2,151,0
0.277684589403371,63,221007,NaN,2,1,2,152,0
0.269376908810452,63,221007,NaN,2,1,2,153,0
0.254775471221216,63,221007,NaN,2,1,2,154,0
0.247459518375306,63,221007,NaN,2,1,2,155,0
0.251571721593085,63,221007,NaN,2,1,2,156,0
0.273098598789016,63,221007,NaN,2,1,2,157,0
0.304303106219991,63,221007,NaN,2,1,2,158,0
0.327077313802353,63,221007,NaN,2,1,2,159,0
0.337183145995497,63,221007,NaN,2,1,2,160,0
0.336230819310017,63,221007,NaN,2,1,2,161,0
0.326750655231748,63,221007,NaN,2,1,2,162,0
0.31450880239553,63,221007,NaN,2,1,2,163,0
0.309831661036935,63,221007,NaN,2,1,2,164,0
0.314481676988248,63,221007,NaN,2,1,2,165,0
0.321975338109899,63,221007,NaN,2,1,2,166,0
0.325978011479281,63,221007,NaN,2,1,2,167,0
0.326102509254192,63,221007,NaN,2,1,2,168,0
0.32430984571624,63,221007,NaN,2,1,2,169,0
0.319834680615809,63,221007,NaN,2,1,2,170,0
0.31611804494536,63,221007,NaN,2,1,2,171,0
0.311171639275544,63,221007,NaN,2,1,2,172,0
0.303264234869909,63,221007,NaN,2,1,2,173,0
0.292316365762842,63,221007,NaN,2,1,2,174,0
0.274868763144447,63,221007,NaN,2,1,2,175,0
0.255829330026069,63,221007,NaN,2,1,2,176,0
0.234918096077059,63,221007,NaN,2,1,2,177,0
0.21841546205078,63,221007,NaN,2,1,2,178,0
0.208543993677222,63,221007,NaN,2,1,2,179,0
0.20775620033507,63,221007,NaN,2,1,2,180,0
0.214018996831988,63,221007,NaN,2,1,2,181,0
-0.0272068370010337,63,221007,NaN,30,1,2,100,0
-0.00935545790855513,63,221007,NaN,30,1,2,101,0
-0.00845730048097787,63,221007,NaN,30,1,2,102,0
-0.0235112580706898,63,221007,NaN,30,1,2,103,0
-0.0450448796180196,63,221007,NaN,30,1,2,104,0
-0.0600450713570799,63,221007,NaN,30,1,2,105,0
-0.0636626048326263,63,221007,NaN,30,1,2,106,0
-0.0560817292307259,63,221007,NaN,30,1,2,107,0
-0.0411100169354516,63,221007,NaN,30,1,2,108,0
-0.0351153795149887,63,221007,NaN,30,1,2,109,0
-0.0427838233746094,63,221007,NaN,30,1,2,110,0
-0.0598245130573736,63,221007,NaN,30,1,2,111,0
-0.0732799089783023,63,221007,NaN,30,1,2,112,0
-0.0755885330951698,63,221007,NaN,30,1,2,113,0
-0.0575660298631135,63,221007,NaN,30,1,2,114,0
-0.0339099516374657,63,221007,NaN,30,1,2,115,0
-0.0101331717860362,63,221007,NaN,30,1,2,116,0
0.0291639735460868,63,221007,NaN,30,1,2,117,0
0.0968215680635788,63,221007,NaN,30,1,2,118,0
0.207180807748101,63,221007,NaN,30,1,2,119,0
0.362303280383419,63,221007,NaN,30,1,2,120,0
0.521607945622086,63,221007,NaN,30,1,2,121,0
0.639129154610393,63,221007,NaN,30,1,2,122,0
0.680882314695331,63,221007,NaN,30,1,2,123,0
0.661921242345815,63,221007,NaN,30,1,2,124,0
0.625793864225525,63,221007,NaN,30,1,2,125,0
0.602025234257981,63,221007,NaN,30,1,2,126,0
0.588201855007678,63,221007,NaN,30,1,2,127,0
0.584367353429145,63,221007,NaN,30,1,2,128,0
0.581281752901199,63,221007,NaN,30,1,2,129,0
0.578235302333274,63,221007,NaN,30,1,2,130,0
0.573348452750503,63,221007,NaN,30,1,2,131,0
0.570355671106398,63,221007,NaN,30,1,2,132,0
0.563019028665401,63,221007,NaN,30,1,2,133,0
0.538598936123684,63,221007,NaN,30,1,2,134,0
0.494600137834281,63,221007,NaN,30,1,2,135,0
0.441579640757132,63,221007,NaN,30,1,2,136,0
0.39656030178252,63,221007,NaN,30,1,2,137,0
0.371580732435788,63,221007,NaN,30,1,2,138,0
0.372802958841601,63,221007,NaN,30,1,2,139,0
0.39485187429195,63,221007,NaN,30,1,2,140,0
0.425960571271514,63,221007,NaN,30,1,2,141,0
0.458761801809269,63,221007,NaN,30,1,2,142,0
0.485645728275457,63,221007,NaN,30,1,2,143,0
0.506363894389372,63,221007,NaN,30,1,2,144,0
0.522693178095657,63,221007,NaN,30,1,2,145,0
0.523522977472688,63,221007,NaN,30,1,2,146,0
0.518048335741625,63,221007,NaN,30,1,2,147,0
0.515760190801411,63,221007,NaN,30,1,2,148,0
0.514707674644968,63,221007,NaN,30,1,2,149,0
0.516567320202213,63,221007,NaN,30,1,2,150,0
0.511954691246968,63,221007,NaN,30,1,2,151,0
0.514819235618173,63,221007,NaN,30,1,2,152,0
0.518571729579729,63,221007,NaN,30,1,2,153,0
0.524496487874227,63,221007,NaN,30,1,2,154,0
0.524545531540273,63,221007,NaN,30,1,2,155,0
0.514190866045738,63,221007,NaN,30,1,2,156,0
0.486086496251332,63,221007,NaN,30,1,2,157,0
0.451680260796879,63,221007,NaN,30,1,2,158,0
0.419376513323127,63,221007,NaN,30,1,2,159,0
0.389338525615399,63,221007,NaN,30,1,2,160,0
0.370260509134974,63,221007,NaN,30,1,2,161,0
0.363451393550733,63,221007,NaN,30,1,2,162,0
0.370781565633067,63,221007,NaN,30,1,2,163,0
0.386073292736171,63,221007,NaN,30,1,2,164,0
0.403108320586424,63,221007,NaN,30,1,2,165,0
0.411059109976364,63,221007,NaN,30,1,2,166,0
0.407389002707784,63,221007,NaN,30,1,2,167,0
0.400810157475909,63,221007,NaN,30,1,2,168,0
0.407759107667931,63,221007,NaN,30,1,2,169,0
0.42766514385158,63,221007,NaN,30,1,2,170,0
0.451214508877569,63,221007,NaN,30,1,2,171,0
0.472003655370217,63,221007,NaN,30,1,2,172,0
0.481968897797018,63,221007,NaN,30,1,2,173,0
0.475810711353336,63,221007,NaN,30,1,2,174,0
0.467740300009297,63,221007,NaN,30,1,2,175,0
0.473343872026592,63,221007,NaN,30,1,2,176,0
0.500297299923865,63,221007,NaN,30,1,2,177,0
0.540857607935069,63,221007,NaN,30,1,2,178,0
0.576166013452156,63,221007,NaN,30,1,2,179,0
0.595687327515185,63,221007,NaN,30,1,2,180,0
0.595783348282925,63,221007,NaN,30,1,2,181,0
0.0470142999857456,63,221008,NaN,18,1,2,100,0
0.0500659099849249,63,221008,NaN,18,1,2,101,0
0.0465080361756016,63,221008,NaN,18,1,2,102,0
0.0339898733285638,63,221008,NaN,18,1,2,103,0
0.0146431592052597,63,221008,NaN,18,1,2,104,0
-0.0083890990382236,63,221008,NaN,18,1,2,105,0
-0.0297156870870104,63,221008,NaN,18,1,2,106,0
-0.0501837387827956,63,221008,NaN,18,1,2,107,0
-0.0648379617087761,63,221008,NaN,18,1,2,108,0
-0.0730438023027104,63,221008,NaN,18,1,2,109,0
-0.0733195986906708,63,221008,NaN,18,1,2,110,0
-0.0677236538276481,63,221008,NaN,18,1,2,111,0
-0.0653777162804369,63,221008,NaN,18,1,2,112,0
-0.0682006414566107,63,221008,NaN,18,1,2,113,0
-0.0730418017380783,63,221008,NaN,18,1,2,114,0
-0.0758057217655176,63,221008,NaN,18,1,2,115,0
-0.0599123399705618,63,221008,NaN,18,1,2,116,0
-0.0108222773716379,63,221008,NaN,18,1,2,117,0
0.0752579049228315,63,221008,NaN,18,1,2,118,0
0.188527892845997,63,221008,NaN,18,1,2,119,0
0.311381263557501,63,221008,NaN,18,1,2,120,0
0.413969437292446,63,221008,NaN,18,1,2,121,0
0.476976786234488,63,221008,NaN,18,1,2,122,0
0.493495399063259,63,221008,NaN,18,1,2,123,0
0.485582881277343,63,221008,NaN,18,1,2,124,0
0.470744557898948,63,221008,NaN,18,1,2,125,0
0.455151400361801,63,221008,NaN,18,1,2,126,0
0.44301004381882,63,221008,NaN,18,1,2,127,0
0.436215309566877,63,221008,NaN,18,1,2,128,0
0.43197013988372,63,221008,NaN,18,1,2,129,0
0.432210869560315,63,221008,NaN,18,1,2,130,0
0.431629190935179,63,221008,NaN,18,1,2,131,0
0.430026810592274,63,221008,NaN,18,1,2,132,0
0.425122922488615,63,221008,NaN,18,1,2,133,0
0.420233960178502,63,221008,NaN,18,1,2,134,0
0.418248673267048,63,221008,NaN,18,1,2,135,0
0.424094408125589,63,221008,NaN,18,1,2,136,0
0.43481269457781,63,221008,NaN,18,1,2,137,0
0.441973467712357,63,221008,NaN,18,1,2,138,0
0.445816932079877,63,221008,NaN,18,1,2,139,0
0.44371197597195,63,221008,NaN,18,1,2,140,0
0.43416547468264,63,221008,NaN,18,1,2,141,0
0.423439995538971,63,221008,NaN,18,1,2,142,0
0.410582556933416,63,221008,NaN,18,1,2,143,0
0.393222299366436,63,221008,NaN,18,1,2,144,0
0.374543392014887,63,221008,NaN,18,1,2,145,0
0.358241130615734,63,221008,NaN,18,1,2,146,0
0.34949166613929,63,221008,NaN,18,1,2,147,0
0.349205547974972,63,221008,NaN,18,1,2,148,0
0.354412365346383,63,221008,NaN,18,1,2,149,0
0.350493289932434,63,221008,NaN,18,1,2,150,0
0.339958135624708,63,221008,NaN,18,1,2,151,0
0.329141610512171,63,221008,NaN,18,1,2,152,0
0.324123843470845,63,221008,NaN,18,1,2,153,0
0.328184308195326,63,221008,NaN,18,1,2,154,0
0.341809936574572,63,221008,NaN,18,1,2,155,0
0.357818562043908,63,221008,NaN,18,1,2,156,0
0.36981584132099,63,221008,NaN,18,1,2,157,0
0.372653318878068,63,221008,NaN,18,1,2,158,0
0.369148186547931,63,221008,NaN,18,1,2,159,0
0.371869802690659,63,221008,NaN,18,1,2,160,0
0.381984653419881,63,221008,NaN,18,1,2,161,0
0.402088589394625,63,221008,NaN,18,1,2,162,0
0.417259595757458,63,221008,NaN,18,1,2,163,0
0.416363864490218,63,221008,NaN,18,1,2,164,0
0.392431482736212,63,221008,NaN,18,1,2,165,0
0.358893244369132,63,221008,NaN,18,1,2,166,0
0.328229274501162,63,221008,NaN,18,1,2,167,0
0.311975335796183,63,221008,NaN,18,1,2,168,0
0.310979478842592,63,221008,NaN,18,1,2,169,0
0.320497714259659,63,221008,NaN,18,1,2,170,0
0.3300978739972,63,221008,NaN,18,1,2,171,0
0.339117725113193,63,221008,NaN,18,1,2,172,0
0.346237222892812,63,221008,NaN,18,1,2,173,0
0.353759114855992,63,221008,NaN,18,1,2,174,0
0.35999947305538,63,221008,NaN,18,1,2,175,0
0.358181049213151,63,221008,NaN,18,1,2,176,0
0.347090447095661,63,221008,NaN,18,1,2,177,0
0.334696255841579,63,221008,NaN,18,1,2,178,0
0.326187148939697,63,221008,NaN,18,1,2,179,0
0.322206210438431,63,221008,NaN,18,1,2,180,0
0.326478444311605,63,221008,NaN,18,1,2,181,0
-0.0610588695200744,63,221009,NaN,71,1,2,100,0
-0.0433095643077139,63,221009,NaN,71,1,2,101,0
-0.0269074882178103,63,221009,NaN,71,1,2,102,0
-0.0135047081847127,63,221009,NaN,71,1,2,103,0
-0.00308795993803512,63,221009,NaN,71,1,2,104,0
-0.000149462462273375,63,221009,NaN,71,1,2,105,0
-0.00349922557925803,63,221009,NaN,71,1,2,106,0
-0.0141387210195261,63,221009,NaN,71,1,2,107,0
-0.0300349713436139,63,221009,NaN,71,1,2,108,0
-0.0445911779088387,63,221009,NaN,71,1,2,109,0
-0.0510491187779769,63,221009,NaN,71,1,2,110,0
-0.0494523669980417,63,221009,NaN,71,1,2,111,0
-0.0400690753343687,63,221009,NaN,71,1,2,112,0
-0.0316479793137351,63,221009,NaN,71,1,2,113,0
-0.0318549797498093,63,221009,NaN,71,1,2,114,0
-0.0403555314845178,63,221009,NaN,71,1,2,115,0
-0.0508334460885992,63,221009,NaN,71,1,2,116,0
-0.0326077371828501,63,221009,NaN,71,1,2,117,0
0.032031634290156,63,221009,NaN,71,1,2,118,0
0.154093707114074,63,221009,NaN,71,1,2,119,0
0.32096817248745,63,221009,NaN,71,1,2,120,0
0.495672347331367,63,221009,NaN,71,1,2,121,0
0.616827888125475,63,221009,NaN,71,1,2,122,0
0.658469356344568,63,221009,NaN,71,1,2,123,0
0.635070105359752,63,221009,NaN,71,1,2,124,0
0.584685398939511,63,221009,NaN,71,1,2,125,0
0.533126951287722,63,221009,NaN,71,1,2,126,0
0.486202434071356,63,221009,NaN,71,1,2,127,0
0.450633689351505,63,221009,NaN,71,1,2,128,0
0.420568380519947,63,221009,NaN,71,1,2,129,0
0.396696589234242,63,221009,NaN,71,1,2,130,0
0.378150438171967,63,221009,NaN,71,1,2,131,0
0.363796143433641,63,221009,NaN,71,1,2,132,0
0.340793190242835,63,221009,NaN,71,1,2,133,0
0.319351381391769,63,221009,NaN,71,1,2,134,0
0.302245628212272,63,221009,NaN,71,1,2,135,0
0.293486393232121,63,221009,NaN,71,1,2,136,0
0.286808163117528,63,221009,NaN,71,1,2,137,0
0.278318730461644,63,221009,NaN,71,1,2,138,0
0.271438509974933,63,221009,NaN,71,1,2,139,0
0.267162322326961,63,221009,NaN,71,1,2,140,0
0.271286002727852,63,221009,NaN,71,1,2,141,0
0.282600091319991,63,221009,NaN,71,1,2,142,0
0.302253524116168,63,221009,NaN,71,1,2,143,0
0.31483797178028,63,221009,NaN,71,1,2,144,0
0.321036896122652,63,221009,NaN,71,1,2,145,0
0.326884754080697,63,221009,NaN,71,1,2,146,0
0.328590522414244,63,221009,NaN,71,1,2,147,0
0.329802541875645,63,221009,NaN,71,1,2,148,0
0.334172727628205,63,221009,NaN,71,1,2,149,0
0.3369116873759,63,221009,NaN,71,1,2,150,0
0.330510483120431,63,221009,NaN,71,1,2,151,0
0.312373804675532,63,221009,NaN,71,1,2,152,0
0.286358635501997,63,221009,NaN,71,1,2,153,0
0.264193965487858,63,221009,NaN,71,1,2,154,0
0.253223057681066,63,221009,NaN,71,1,2,155,0
0.254415372668866,63,221009,NaN,71,1,2,156,0
0.263382130298491,63,221009,NaN,71,1,2,157,0
0.269185881395955,63,221009,NaN,71,1,2,158,0
0.267022118072607,63,221009,NaN,71,1,2,159,0
0.261773227475047,63,221009,NaN,71,1,2,160,0
0.248508509412745,63,221009,NaN,71,1,2,161,0
0.23590999407609,63,221009,NaN,71,1,2,162,0
0.232127801183494,63,221009,NaN,71,1,2,163,0
0.23729793748864,63,221009,NaN,71,1,2,164,0
0.258102367449233,63,221009,NaN,71,1,2,165,0
0.28913832547836,63,221009,NaN,71,1,2,166,0
0.316008843354471,63,221009,NaN,71,1,2,167,0
0.332162359074322,63,221009,NaN,71,1,2,168,0
0.333296430285573,63,221009,NaN,71,1,2,169,0
0.316151037410727,63,221009,NaN,71,1,2,170,0
0.293231570420822,63,221009,NaN,71,1,2,171,0
0.2659647132035,63,221009,NaN,71,1,2,172,0
0.23536356815745,63,221009,NaN,71,1,2,173,0
0.205342072141894,63,221009,NaN,71,1,2,174,0
0.179799998905863,63,221009,NaN,71,1,2,175,0
0.160145513921649,63,221009,NaN,71,1,2,176,0
0.154825394755648,63,221009,NaN,71,1,2,177,0
0.163027191089996,63,221009,NaN,71,1,2,178,0
0.176095819306418,63,221009,NaN,71,1,2,179,0
0.180336456890594,63,221009,NaN,71,1,2,180,0
0.17737362964304,63,221009,NaN,71,1,2,181,0
