DataY,AnimalID,RecDate,NovelDay,CellID,CellType,Environ,PosBin,StimCond
-0.0293305759327602,4,230428,NaN,2,1,2,100,0
-0.0103967461264253,4,230428,NaN,2,1,2,101,0
0.00183589428088693,4,230428,NaN,2,1,2,102,0
0.00896842215864169,4,230428,NaN,2,1,2,103,0
0.0147341885511506,4,230428,NaN,2,1,2,104,0
0.0188094224903516,4,230428,NaN,2,1,2,105,0
0.0162863111499462,4,230428,NaN,2,1,2,106,0
0.0123665628090469,4,230428,NaN,2,1,2,107,0
-0.000205599676531332,4,230428,NaN,2,1,2,108,0
-0.0142845133791074,4,230428,NaN,2,1,2,109,0
-0.0237793766730512,4,230428,NaN,2,1,2,110,0
-0.0377721743698922,4,230428,NaN,2,1,2,111,0
-0.0417299058639855,4,230428,NaN,2,1,2,112,0
-0.0420161318249154,4,230428,NaN,2,1,2,113,0
-0.04745921985429,4,230428,NaN,2,1,2,114,0
-0.0358221665333064,4,230428,NaN,2,1,2,115,0
-0.012036818032257,4,230428,NaN,2,1,2,116,0
0.012014111123675,4,230428,NaN,2,1,2,117,0
0.0407005036619709,4,230428,NaN,2,1,2,118,0
0.0651951939728227,4,230428,NaN,2,1,2,119,0
0.0745920421352726,4,230428,NaN,2,1,2,120,0
0.0773728530078178,4,230428,NaN,2,1,2,121,0
0.0603881943083758,4,230428,NaN,2,1,2,122,0
0.0377007886844438,4,230428,NaN,2,1,2,123,0
0.0300428919217245,4,230428,NaN,2,1,2,124,0
0.0233003730583243,4,230428,NaN,2,1,2,125,0
0.0220496779035058,4,230428,NaN,2,1,2,126,0
0.0284484644322014,4,230428,NaN,2,1,2,127,0
0.0295316332862409,4,230428,NaN,2,1,2,128,0
0.0299720859009882,4,230428,NaN,2,1,2,129,0
0.0369397797502613,4,230428,NaN,2,1,2,130,0
0.0370132824006186,4,230428,NaN,2,1,2,131,0
0.0408930727690056,4,230428,NaN,2,1,2,132,0
0.0486110206280942,4,230428,NaN,2,1,2,133,0
0.0537555177458926,4,230428,NaN,2,1,2,134,0
0.0646961417596432,4,230428,NaN,2,1,2,135,0
0.0691853154212954,4,230428,NaN,2,1,2,136,0
0.0661576170042505,4,230428,NaN,2,1,2,137,0
0.0686586330139867,4,230428,NaN,2,1,2,138,0
0.063450836351048,4,230428,NaN,2,1,2,139,0
0.0532524769435585,4,230428,NaN,2,1,2,140,0
0.0431847993357906,4,230428,NaN,2,1,2,141,0
0.0274026639936235,4,230428,NaN,2,1,2,142,0
0.0125381346593724,4,230428,NaN,2,1,2,143,0
0.00761418575056927,4,230428,NaN,2,1,2,144,0
0.0045806567480543,4,230428,NaN,2,1,2,145,0
0.00905753841616408,4,230428,NaN,2,1,2,146,0
0.0124494207016349,4,230428,NaN,2,1,2,147,0
0.00995739554963915,4,230428,NaN,2,1,2,148,0
0.010358049295754,4,230428,NaN,2,1,2,149,0
0.0127869626765117,4,230428,NaN,2,1,2,150,0
0.0145993081666571,4,230428,NaN,2,1,2,151,0
0.0151059846364843,4,230428,NaN,2,1,2,152,0
0.0066386218013289,4,230428,NaN,2,1,2,153,0
-0.0121623090119483,4,230428,NaN,2,1,2,154,0
-0.0280041433481301,4,230428,NaN,2,1,2,155,0
-0.0362687329301119,4,230428,NaN,2,1,2,156,0
-0.0355952115299477,4,230428,NaN,2,1,2,157,0
-0.0299511917096205,4,230428,NaN,2,1,2,158,0
-0.0261839494987259,4,230428,NaN,2,1,2,159,0
-0.0250117888526667,4,230428,NaN,2,1,2,160,0
-0.0204445396713571,4,230428,NaN,2,1,2,161,0
-0.0101445273585934,4,230428,NaN,2,1,2,162,0
0.00581237028285619,4,230428,NaN,2,1,2,163,0
0.0150054539000605,4,230428,NaN,2,1,2,164,0
0.0142097779830574,4,230428,NaN,2,1,2,165,0
0.00212994339274164,4,230428,NaN,2,1,2,166,0
-0.0170156318097822,4,230428,NaN,2,1,2,167,0
-0.0304331489699351,4,230428,NaN,2,1,2,168,0
-0.0237540105150243,4,230428,NaN,2,1,2,169,0
-0.0134192571828834,4,230428,NaN,2,1,2,170,0
0.000524441738635306,4,230428,NaN,2,1,2,171,0
0.0121687271746915,4,230428,NaN,2,1,2,172,0
0.0187627492853328,4,230428,NaN,2,1,2,173,0
0.0196322321303193,4,230428,NaN,2,1,2,174,0
0.0187482831908462,4,230428,NaN,2,1,2,175,0
0.011279205919316,4,230428,NaN,2,1,2,176,0
0.00500693144705122,4,230428,NaN,2,1,2,177,0
0.00426422036764629,4,230428,NaN,2,1,2,178,0
0.00730869530790201,4,230428,NaN,2,1,2,179,0
0.0159024617531264,4,230428,NaN,2,1,2,180,0
0.0236399520200324,4,230428,NaN,2,1,2,181,0
-0.031905506002443,4,230428,NaN,75,1,2,100,0
-0.0215800212548283,4,230428,NaN,75,1,2,101,0
-0.006832660738741,4,230428,NaN,75,1,2,102,0
0.00341338419722392,4,230428,NaN,75,1,2,103,0
0.00978653745571112,4,230428,NaN,75,1,2,104,0
0.0140883329634109,4,230428,NaN,75,1,2,105,0
0.0196882702249658,4,230428,NaN,75,1,2,106,0
0.0314626869067091,4,230428,NaN,75,1,2,107,0
0.0383871842065588,4,230428,NaN,75,1,2,108,0
0.0421354204665909,4,230428,NaN,75,1,2,109,0
0.0294661056204759,4,230428,NaN,75,1,2,110,0
0.00676639407214685,4,230428,NaN,75,1,2,111,0
-0.00667231321824957,4,230428,NaN,75,1,2,112,0
-0.0244543239723478,4,230428,NaN,75,1,2,113,0
-0.0350022298997804,4,230428,NaN,75,1,2,114,0
-0.0273827481218704,4,230428,NaN,75,1,2,115,0
-0.0255965416715764,4,230428,NaN,75,1,2,116,0
-0.0242901612322454,4,230428,NaN,75,1,2,117,0
-0.0131179366087408,4,230428,NaN,75,1,2,118,0
-0.0107757542887685,4,230428,NaN,75,1,2,119,0
0.000510374893354593,4,230428,NaN,75,1,2,120,0
0.0116120080587832,4,230428,NaN,75,1,2,121,0
0.00836358148056493,4,230428,NaN,75,1,2,122,0
0.0091263789193895,4,230428,NaN,75,1,2,123,0
0.00495872943591558,4,230428,NaN,75,1,2,124,0
-0.00791970860048308,4,230428,NaN,75,1,2,125,0
-0.00954141327476388,4,230428,NaN,75,1,2,126,0
-0.0056986246588373,4,230428,NaN,75,1,2,127,0
-0.00512436869868516,4,230428,NaN,75,1,2,128,0
0.0143601824277242,4,230428,NaN,75,1,2,129,0
0.0339098693221728,4,230428,NaN,75,1,2,130,0
0.0447700141059192,4,230428,NaN,75,1,2,131,0
0.0569620751172835,4,230428,NaN,75,1,2,132,0
0.0553281678460252,4,230428,NaN,75,1,2,133,0
0.0448534280664172,4,230428,NaN,75,1,2,134,0
0.0374039604847247,4,230428,NaN,75,1,2,135,0
0.0227449820539946,4,230428,NaN,75,1,2,136,0
0.0136875022557994,4,230428,NaN,75,1,2,137,0
0.000519103348757932,4,230428,NaN,75,1,2,138,0
-0.0281735341906605,4,230428,NaN,75,1,2,139,0
-0.0517721977984865,4,230428,NaN,75,1,2,140,0
-0.0691293555196104,4,230428,NaN,75,1,2,141,0
-0.0761637221750868,4,230428,NaN,75,1,2,142,0
-0.0705579285707035,4,230428,NaN,75,1,2,143,0
-0.0614974015215093,4,230428,NaN,75,1,2,144,0
-0.0561247691210242,4,230428,NaN,75,1,2,145,0
-0.052737054783691,4,230428,NaN,75,1,2,146,0
-0.0497857573422051,4,230428,NaN,75,1,2,147,0
-0.0465041380160144,4,230428,NaN,75,1,2,148,0
-0.0425492383308456,4,230428,NaN,75,1,2,149,0
-0.0486311888435258,4,230428,NaN,75,1,2,150,0
-0.0645477103500395,4,230428,NaN,75,1,2,151,0
-0.0748599733120928,4,230428,NaN,75,1,2,152,0
-0.0857600175319223,4,230428,NaN,75,1,2,153,0
-0.0901685967558893,4,230428,NaN,75,1,2,154,0
-0.0875578524897367,4,230428,NaN,75,1,2,155,0
-0.0853607515464573,4,230428,NaN,75,1,2,156,0
-0.0834285526757671,4,230428,NaN,75,1,2,157,0
-0.0847994123798169,4,230428,NaN,75,1,2,158,0
-0.0870136736030394,4,230428,NaN,75,1,2,159,0
-0.0884064378143059,4,230428,NaN,75,1,2,160,0
-0.0883458473814406,4,230428,NaN,75,1,2,161,0
-0.0879760265961783,4,230428,NaN,75,1,2,162,0
-0.0810822291411634,4,230428,NaN,75,1,2,163,0
-0.0762455939453018,4,230428,NaN,75,1,2,164,0
-0.0706711663169629,4,230428,NaN,75,1,2,165,0
-0.0702200827669834,4,230428,NaN,75,1,2,166,0
-0.074467823023138,4,230428,NaN,75,1,2,167,0
-0.0749236402401954,4,230428,NaN,75,1,2,168,0
-0.0796876161400155,4,230428,NaN,75,1,2,169,0
-0.0777783444682545,4,230428,NaN,75,1,2,170,0
-0.0622990265185513,4,230428,NaN,75,1,2,171,0
-0.0456561360258408,4,230428,NaN,75,1,2,172,0
-0.0326406421832579,4,230428,NaN,75,1,2,173,0
-0.0212426634355528,4,230428,NaN,75,1,2,174,0
-0.0172692691677196,4,230428,NaN,75,1,2,175,0
-0.0184632685208438,4,230428,NaN,75,1,2,176,0
-0.0213294458726044,4,230428,NaN,75,1,2,177,0
-0.0279004315891587,4,230428,NaN,75,1,2,178,0
-0.0358400921941963,4,230428,NaN,75,1,2,179,0
-0.0434158272604703,4,230428,NaN,75,1,2,180,0
-0.0419515283778547,4,230428,NaN,75,1,2,181,0
-0.0260438657956942,4,230429,NaN,91,1,2,100,0
-0.0733408699557817,4,230429,NaN,91,1,2,101,0
-0.0860292606128669,4,230429,NaN,91,1,2,102,0
-0.070491454464009,4,230429,NaN,91,1,2,103,0
-0.0382155063878077,4,230429,NaN,91,1,2,104,0
0.00306568170691257,4,230429,NaN,91,1,2,105,0
0.0293382287006863,4,230429,NaN,91,1,2,106,0
0.0460983779917582,4,230429,NaN,91,1,2,107,0
0.0589234890666395,4,230429,NaN,91,1,2,108,0
0.062295606193431,4,230429,NaN,91,1,2,109,0
0.0752765442269162,4,230429,NaN,91,1,2,110,0
0.0810170906030131,4,230429,NaN,91,1,2,111,0
0.0797330980525575,4,230429,NaN,91,1,2,112,0
0.0672495299996001,4,230429,NaN,91,1,2,113,0
0.0350998430904547,4,230429,NaN,91,1,2,114,0
-0.00636609779403086,4,230429,NaN,91,1,2,115,0
-0.0355548108560838,4,230429,NaN,91,1,2,116,0
-0.0568912433011155,4,230429,NaN,91,1,2,117,0
-0.0636622715738041,4,230429,NaN,91,1,2,118,0
-0.0570086175824803,4,230429,NaN,91,1,2,119,0
-0.050537357103986,4,230429,NaN,91,1,2,120,0
-0.0356203597909629,4,230429,NaN,91,1,2,121,0
-0.0229950548130491,4,230429,NaN,91,1,2,122,0
-0.0123848616471246,4,230429,NaN,91,1,2,123,0
0.00378322099492068,4,230429,NaN,91,1,2,124,0
0.0268329844884649,4,230429,NaN,91,1,2,125,0
0.0430679983848142,4,230429,NaN,91,1,2,126,0
0.0558673019420934,4,230429,NaN,91,1,2,127,0
0.0593021293798709,4,230429,NaN,91,1,2,128,0
0.044362267346328,4,230429,NaN,91,1,2,129,0
0.0192032887286575,4,230429,NaN,91,1,2,130,0
-0.00921569985542203,4,230429,NaN,91,1,2,131,0
-0.0410828102663074,4,230429,NaN,91,1,2,132,0
-0.072074214081928,4,230429,NaN,91,1,2,133,0
-0.106421821568035,4,230429,NaN,91,1,2,134,0
-0.13392666351706,4,230429,NaN,91,1,2,135,0
-0.131999008388115,4,230429,NaN,91,1,2,136,0
-0.100864374659941,4,230429,NaN,91,1,2,137,0
-0.0556737484978498,4,230429,NaN,91,1,2,138,0
-0.00977750720448256,4,230429,NaN,91,1,2,139,0
0.0149378883657314,4,230429,NaN,91,1,2,140,0
0.0200302261554334,4,230429,NaN,91,1,2,141,0
0.0122589175879997,4,230429,NaN,91,1,2,142,0
0.00260547163384173,4,230429,NaN,91,1,2,143,0
-0.000872416506397355,4,230429,NaN,91,1,2,144,0
0.00718986853740144,4,230429,NaN,91,1,2,145,0
0.0140117995352044,4,230429,NaN,91,1,2,146,0
0.0206266650053029,4,230429,NaN,91,1,2,147,0
0.0231495813436562,4,230429,NaN,91,1,2,148,0
0.0109570575513048,4,230429,NaN,91,1,2,149,0
-0.00329805848169762,4,230429,NaN,91,1,2,150,0
-0.0153683147029459,4,230429,NaN,91,1,2,151,0
-0.0259953476757872,4,230429,NaN,91,1,2,152,0
-0.0231105405354706,4,230429,NaN,91,1,2,153,0
-0.0135440727687285,4,230429,NaN,91,1,2,154,0
-0.00813788906395541,4,230429,NaN,91,1,2,155,0
-0.0101979410442421,4,230429,NaN,91,1,2,156,0
-0.0182172713796055,4,230429,NaN,91,1,2,157,0
-0.0327501122952719,4,230429,NaN,91,1,2,158,0
-0.0409878340450482,4,230429,NaN,91,1,2,159,0
-0.0450417690439403,4,230429,NaN,91,1,2,160,0
-0.0430232029656952,4,230429,NaN,91,1,2,161,0
-0.0175523004565571,4,230429,NaN,91,1,2,162,0
0.0207023858212517,4,230429,NaN,91,1,2,163,0
0.0593554725107754,4,230429,NaN,91,1,2,164,0
0.0872960659168707,4,230429,NaN,91,1,2,165,0
0.0934677970322677,4,230429,NaN,91,1,2,166,0
0.0738533636136822,4,230429,NaN,91,1,2,167,0
0.0586908486401461,4,230429,NaN,91,1,2,168,0
0.0539899022236076,4,230429,NaN,91,1,2,169,0
0.0647749543793172,4,230429,NaN,91,1,2,170,0
0.0843625969367598,4,230429,NaN,91,1,2,171,0
0.0952151859199929,4,230429,NaN,91,1,2,172,0
0.0988581579721081,4,230429,NaN,91,1,2,173,0
0.108441294931089,4,230429,NaN,91,1,2,174,0
0.116658472650981,4,230429,NaN,91,1,2,175,0
0.129378957700176,4,230429,NaN,91,1,2,176,0
0.13568628077173,4,230429,NaN,91,1,2,177,0
0.119529066464496,4,230429,NaN,91,1,2,178,0
0.0985309044040374,4,230429,NaN,91,1,2,179,0
0.0683203937738838,4,230429,NaN,91,1,2,180,0
0.0481133556066187,4,230429,NaN,91,1,2,181,0
-0.0572105713818915,4,230430,NaN,21,1,2,100,0
-0.0641607175678399,4,230430,NaN,21,1,2,101,0
-0.0585210842276626,4,230430,NaN,21,1,2,102,0
-0.0428097497618709,4,230430,NaN,21,1,2,103,0
-0.0190986127256536,4,230430,NaN,21,1,2,104,0
0.00829510631139929,4,230430,NaN,21,1,2,105,0
0.0276870760220549,4,230430,NaN,21,1,2,106,0
0.0336709007900637,4,230430,NaN,21,1,2,107,0
0.0341760282787564,4,230430,NaN,21,1,2,108,0
0.0244388272903715,4,230430,NaN,21,1,2,109,0
0.0114843667288959,4,230430,NaN,21,1,2,110,0
0.000783481488552562,4,230430,NaN,21,1,2,111,0
-0.00685630574124763,4,230430,NaN,21,1,2,112,0
-0.0133279573319252,4,230430,NaN,21,1,2,113,0
-0.0106845878896048,4,230430,NaN,21,1,2,114,0
-0.00891108073473579,4,230430,NaN,21,1,2,115,0
6.46548387785995e-05,4,230430,NaN,21,1,2,116,0
0.0106896511784694,4,230430,NaN,21,1,2,117,0
0.0188391769315913,4,230430,NaN,21,1,2,118,0
0.0260358073503327,4,230430,NaN,21,1,2,119,0
0.0282050187712746,4,230430,NaN,21,1,2,120,0
0.0280788437250777,4,230430,NaN,21,1,2,121,0
0.0271754692338548,4,230430,NaN,21,1,2,122,0
0.0257941264529215,4,230430,NaN,21,1,2,123,0
0.0234774557935957,4,230430,NaN,21,1,2,124,0
0.0241751151204099,4,230430,NaN,21,1,2,125,0
0.0336682029505045,4,230430,NaN,21,1,2,126,0
0.042163134748196,4,230430,NaN,21,1,2,127,0
0.0555337040499569,4,230430,NaN,21,1,2,128,0
0.071044114499492,4,230430,NaN,21,1,2,129,0
0.079461345914175,4,230430,NaN,21,1,2,130,0
0.0825893852555707,4,230430,NaN,21,1,2,131,0
0.082163211546377,4,230430,NaN,21,1,2,132,0
0.0764157097382175,4,230430,NaN,21,1,2,133,0
0.0663163518014622,4,230430,NaN,21,1,2,134,0
0.0479021041143191,4,230430,NaN,21,1,2,135,0
0.0285667007722348,4,230430,NaN,21,1,2,136,0
0.0200434589916503,4,230430,NaN,21,1,2,137,0
0.0154091130852562,4,230430,NaN,21,1,2,138,0
0.0242526074707087,4,230430,NaN,21,1,2,139,0
0.0387137872122393,4,230430,NaN,21,1,2,140,0
0.0505033635310479,4,230430,NaN,21,1,2,141,0
0.0561779127850885,4,230430,NaN,21,1,2,142,0
0.0520318926823733,4,230430,NaN,21,1,2,143,0
0.045404886089857,4,230430,NaN,21,1,2,144,0
0.041688318060093,4,230430,NaN,21,1,2,145,0
0.0363666761782688,4,230430,NaN,21,1,2,146,0
0.0327778509540947,4,230430,NaN,21,1,2,147,0
0.0313046936530073,4,230430,NaN,21,1,2,148,0
0.0268812208757049,4,230430,NaN,21,1,2,149,0
0.0191959248519726,4,230430,NaN,21,1,2,150,0
0.00656489620558698,4,230430,NaN,21,1,2,151,0
-0.00999238787000056,4,230430,NaN,21,1,2,152,0
-0.0276933439329836,4,230430,NaN,21,1,2,153,0
-0.0402190686922684,4,230430,NaN,21,1,2,154,0
-0.0467510200336325,4,230430,NaN,21,1,2,155,0
-0.0439295122302035,4,230430,NaN,21,1,2,156,0
-0.0272964585660936,4,230430,NaN,21,1,2,157,0
-0.00778265340271,4,230430,NaN,21,1,2,158,0
0.0034677955015725,4,230430,NaN,21,1,2,159,0
0.00907171606740476,4,230430,NaN,21,1,2,160,0
0.00536746198494953,4,230430,NaN,21,1,2,161,0
-0.00556232550062297,4,230430,NaN,21,1,2,162,0
-0.0142363812010669,4,230430,NaN,21,1,2,163,0
-0.0229623289942701,4,230430,NaN,21,1,2,164,0
-0.0322902212358505,4,230430,NaN,21,1,2,165,0
-0.034551865837823,4,230430,NaN,21,1,2,166,0
-0.0314837573865886,4,230430,NaN,21,1,2,167,0
-0.0280792290102476,4,230430,NaN,21,1,2,168,0
-0.0269895824954953,4,230430,NaN,21,1,2,169,0
-0.0297262623789331,4,230430,NaN,21,1,2,170,0
-0.0339187361522757,4,230430,NaN,21,1,2,171,0
-0.0337104938182083,4,230430,NaN,21,1,2,172,0
-0.0270958506027442,4,230430,NaN,21,1,2,173,0
-0.0122475094015372,4,230430,NaN,21,1,2,174,0
0.00897768654762554,4,230430,NaN,21,1,2,175,0
0.0274574076250322,4,230430,NaN,21,1,2,176,0
0.04398898655895,4,230430,NaN,21,1,2,177,0
0.0539335817972444,4,230430,NaN,21,1,2,178,0
0.0593963566744998,4,230430,NaN,21,1,2,179,0
0.0619625692526689,4,230430,NaN,21,1,2,180,0
0.0629809534232699,4,230430,NaN,21,1,2,181,0
-0.0137938824548379,4,230430,NaN,156,1,2,100,0
-0.0312704234766209,4,230430,NaN,156,1,2,101,0
-0.0463016688531481,4,230430,NaN,156,1,2,102,0
-0.0559445153767226,4,230430,NaN,156,1,2,103,0
-0.0551187697069989,4,230430,NaN,156,1,2,104,0
-0.0472984445529112,4,230430,NaN,156,1,2,105,0
-0.0387212204118386,4,230430,NaN,156,1,2,106,0
-0.0280981150940047,4,230430,NaN,156,1,2,107,0
-0.0128388612450351,4,230430,NaN,156,1,2,108,0
-0.000572486910245473,4,230430,NaN,156,1,2,109,0
0.0107734940044718,4,230430,NaN,156,1,2,110,0
0.0219961832746149,4,230430,NaN,156,1,2,111,0
0.0270289143457452,4,230430,NaN,156,1,2,112,0
0.0284874806688455,4,230430,NaN,156,1,2,113,0
0.0303954159196955,4,230430,NaN,156,1,2,114,0
0.0272227541368216,4,230430,NaN,156,1,2,115,0
0.0261016441863199,4,230430,NaN,156,1,2,116,0
0.0256937179021856,4,230430,NaN,156,1,2,117,0
0.03158949057259,4,230430,NaN,156,1,2,118,0
0.0407917321508791,4,230430,NaN,156,1,2,119,0
0.0460836784653571,4,230430,NaN,156,1,2,120,0
0.04527773799393,4,230430,NaN,156,1,2,121,0
0.0385424478497687,4,230430,NaN,156,1,2,122,0
0.0333415747836652,4,230430,NaN,156,1,2,123,0
0.0317645085721694,4,230430,NaN,156,1,2,124,0
0.0331404454751529,4,230430,NaN,156,1,2,125,0
0.0369301415558354,4,230430,NaN,156,1,2,126,0
0.0361471788058046,4,230430,NaN,156,1,2,127,0
0.0437146779136346,4,230430,NaN,156,1,2,128,0
0.0542598085276579,4,230430,NaN,156,1,2,129,0
0.0633003489014361,4,230430,NaN,156,1,2,130,0
0.0771069788821618,4,230430,NaN,156,1,2,131,0
0.0878810635388785,4,230430,NaN,156,1,2,132,0
0.0899718390122362,4,230430,NaN,156,1,2,133,0
0.0840021681170687,4,230430,NaN,156,1,2,134,0
0.0658183294241378,4,230430,NaN,156,1,2,135,0
0.0374835752035274,4,230430,NaN,156,1,2,136,0
0.00706820205272873,4,230430,NaN,156,1,2,137,0
-0.0219051828038134,4,230430,NaN,156,1,2,138,0
-0.0292396301642096,4,230430,NaN,156,1,2,139,0
-0.0204758356615612,4,230430,NaN,156,1,2,140,0
-0.00793061505272608,4,230430,NaN,156,1,2,141,0
0.0055092984080064,4,230430,NaN,156,1,2,142,0
0.00523363468053473,4,230430,NaN,156,1,2,143,0
-0.000320647633497595,4,230430,NaN,156,1,2,144,0
-0.0106189381070607,4,230430,NaN,156,1,2,145,0
-0.0257785455314533,4,230430,NaN,156,1,2,146,0
-0.040973273986203,4,230430,NaN,156,1,2,147,0
-0.0555289288870726,4,230430,NaN,156,1,2,148,0
-0.06113418265897,4,230430,NaN,156,1,2,149,0
-0.0518540491398618,4,230430,NaN,156,1,2,150,0
-0.0328962723484065,4,230430,NaN,156,1,2,151,0
-0.00821531977676371,4,230430,NaN,156,1,2,152,0
0.0119120560970667,4,230430,NaN,156,1,2,153,0
0.0223856353922274,4,230430,NaN,156,1,2,154,0
0.0290973986348644,4,230430,NaN,156,1,2,155,0
0.02908214579943,4,230430,NaN,156,1,2,156,0
0.030674379489078,4,230430,NaN,156,1,2,157,0
0.0305781023216162,4,230430,NaN,156,1,2,158,0
0.0269188873791455,4,230430,NaN,156,1,2,159,0
0.0260694376587691,4,230430,NaN,156,1,2,160,0
0.030445958694127,4,230430,NaN,156,1,2,161,0
0.0376147912863718,4,230430,NaN,156,1,2,162,0
0.0479227547380778,4,230430,NaN,156,1,2,163,0
0.0497011329870952,4,230430,NaN,156,1,2,164,0
0.0371746498789268,4,230430,NaN,156,1,2,165,0
0.0166115034858469,4,230430,NaN,156,1,2,166,0
-0.00923114039878692,4,230430,NaN,156,1,2,167,0
-0.0347840209272808,4,230430,NaN,156,1,2,168,0
-0.0536666454502208,4,230430,NaN,156,1,2,169,0
-0.0659492388899932,4,230430,NaN,156,1,2,170,0
-0.0703565603400926,4,230430,NaN,156,1,2,171,0
-0.0658299771898005,4,230430,NaN,156,1,2,172,0
-0.0574800702329535,4,230430,NaN,156,1,2,173,0
-0.0518662605467491,4,230430,NaN,156,1,2,174,0
-0.0487525636381874,4,230430,NaN,156,1,2,175,0
-0.0543385819325812,4,230430,NaN,156,1,2,176,0
-0.0697139510007361,4,230430,NaN,156,1,2,177,0
-0.0830500896166483,4,230430,NaN,156,1,2,178,0
-0.0857043049618965,4,230430,NaN,156,1,2,179,0
-0.0701161418344441,4,230430,NaN,156,1,2,180,0
-0.0438298526046311,4,230430,NaN,156,1,2,181,0
-0.0195822186985199,57,220329,NaN,76,1,2,100,0
-0.0214274708788225,57,220329,NaN,76,1,2,101,0
-0.0283463046868376,57,220329,NaN,76,1,2,102,0
-0.0357712747329014,57,220329,NaN,76,1,2,103,0
-0.0348151557609052,57,220329,NaN,76,1,2,104,0
-0.0215757640832647,57,220329,NaN,76,1,2,105,0
-0.00224295865109547,57,220329,NaN,76,1,2,106,0
0.015911637465735,57,220329,NaN,76,1,2,107,0
0.0275531358047169,57,220329,NaN,76,1,2,108,0
0.0288190278694253,57,220329,NaN,76,1,2,109,0
0.0197851674727416,57,220329,NaN,76,1,2,110,0
0.00658175724444998,57,220329,NaN,76,1,2,111,0
-0.00397122195072064,57,220329,NaN,76,1,2,112,0
-0.00636881408696821,57,220329,NaN,76,1,2,113,0
-0.00173801955482922,57,220329,NaN,76,1,2,114,0
0.00549655289197803,57,220329,NaN,76,1,2,115,0
0.00776010405628191,57,220329,NaN,76,1,2,116,0
0.00854300688594334,57,220329,NaN,76,1,2,117,0
0.00969936516606795,57,220329,NaN,76,1,2,118,0
0.0119702635022665,57,220329,NaN,76,1,2,119,0
0.0141369660267401,57,220329,NaN,76,1,2,120,0
0.0140003893832235,57,220329,NaN,76,1,2,121,0
0.0104978185919602,57,220329,NaN,76,1,2,122,0
0.00346058286228668,57,220329,NaN,76,1,2,123,0
-0.000266597956436354,57,220329,NaN,76,1,2,124,0
-0.000529019243129758,57,220329,NaN,76,1,2,125,0
0.00213894015806859,57,220329,NaN,76,1,2,126,0
0.00357051628265292,57,220329,NaN,76,1,2,127,0
0.00477216687362525,57,220329,NaN,76,1,2,128,0
0.00542800047397629,57,220329,NaN,76,1,2,129,0
0.00745486384445126,57,220329,NaN,76,1,2,130,0
0.00794155257254459,57,220329,NaN,76,1,2,131,0
0.00425951209721276,57,220329,NaN,76,1,2,132,0
-0.00256683820714221,57,220329,NaN,76,1,2,133,0
-0.0142066514131727,57,220329,NaN,76,1,2,134,0
-0.0283058358038302,57,220329,NaN,76,1,2,135,0
-0.0369217445237988,57,220329,NaN,76,1,2,136,0
-0.0409277913387393,57,220329,NaN,76,1,2,137,0
-0.0407742996511092,57,220329,NaN,76,1,2,138,0
-0.0393507744269418,57,220329,NaN,76,1,2,139,0
-0.0411849941776621,57,220329,NaN,76,1,2,140,0
-0.0420907411270964,57,220329,NaN,76,1,2,141,0
-0.0414319985756763,57,220329,NaN,76,1,2,142,0
-0.0338136553045045,57,220329,NaN,76,1,2,143,0
-0.0187400919643826,57,220329,NaN,76,1,2,144,0
-0.00212245601970062,57,220329,NaN,76,1,2,145,0
0.0101505516429201,57,220329,NaN,76,1,2,146,0
0.0180691137137213,57,220329,NaN,76,1,2,147,0
0.0274472017113455,57,220329,NaN,76,1,2,148,0
0.0393228871501459,57,220329,NaN,76,1,2,149,0
0.0506732821588836,57,220329,NaN,76,1,2,150,0
0.0619538240966421,57,220329,NaN,76,1,2,151,0
0.0601776251468848,57,220329,NaN,76,1,2,152,0
0.0488099237653692,57,220329,NaN,76,1,2,153,0
0.0296608710763512,57,220329,NaN,76,1,2,154,0
0.00659718781290231,57,220329,NaN,76,1,2,155,0
-0.0116462242396494,57,220329,NaN,76,1,2,156,0
-0.0199256962584543,57,220329,NaN,76,1,2,157,0
-0.0181600871208701,57,220329,NaN,76,1,2,158,0
-0.00977089220847849,57,220329,NaN,76,1,2,159,0
0.000199332447316403,57,220329,NaN,76,1,2,160,0
0.00886568934221077,57,220329,NaN,76,1,2,161,0
0.0174487876743993,57,220329,NaN,76,1,2,162,0
0.021233824384729,57,220329,NaN,76,1,2,163,0
0.0247916123061331,57,220329,NaN,76,1,2,164,0
0.0272791710327485,57,220329,NaN,76,1,2,165,0
0.0289867612295737,57,220329,NaN,76,1,2,166,0
0.0299991629781112,57,220329,NaN,76,1,2,167,0
0.0299759162707747,57,220329,NaN,76,1,2,168,0
0.0297798067274131,57,220329,NaN,76,1,2,169,0
0.0332771832217191,57,220329,NaN,76,1,2,170,0
0.0363909167221012,57,220329,NaN,76,1,2,171,0
0.0345951958442255,57,220329,NaN,76,1,2,172,0
0.0300813606659804,57,220329,NaN,76,1,2,173,0
0.0192543533369381,57,220329,NaN,76,1,2,174,0
0.00763781491509552,57,220329,NaN,76,1,2,175,0
-0.00125369781812401,57,220329,NaN,76,1,2,176,0
-0.00964666109440071,57,220329,NaN,76,1,2,177,0
-0.0119603221080331,57,220329,NaN,76,1,2,178,0
-0.00551090075415084,57,220329,NaN,76,1,2,179,0
0.00437940660838476,57,220329,NaN,76,1,2,180,0
0.02226265544448,57,220329,NaN,76,1,2,181,0
0.0186211133554687,57,220329,NaN,85,1,2,100,0
0.0220090137084574,57,220329,NaN,85,1,2,101,0
0.00989005442932678,57,220329,NaN,85,1,2,102,0
-0.0139819974402337,57,220329,NaN,85,1,2,103,0
-0.0310208493401066,57,220329,NaN,85,1,2,104,0
-0.0339853053405957,57,220329,NaN,85,1,2,105,0
-0.0240890005343198,57,220329,NaN,85,1,2,106,0
-0.0100047300271833,57,220329,NaN,85,1,2,107,0
-0.00203506593458946,57,220329,NaN,85,1,2,108,0
-0.00654868860194202,57,220329,NaN,85,1,2,109,0
-0.0155909683693207,57,220329,NaN,85,1,2,110,0
-0.0157645755599626,57,220329,NaN,85,1,2,111,0
-0.0142397192066884,57,220329,NaN,85,1,2,112,0
-0.000778350352849233,57,220329,NaN,85,1,2,113,0
0.0107655236042701,57,220329,NaN,85,1,2,114,0
0.0158867545259664,57,220329,NaN,85,1,2,115,0
0.0169338592029722,57,220329,NaN,85,1,2,116,0
0.0207276139262303,57,220329,NaN,85,1,2,117,0
0.0275025290905638,57,220329,NaN,85,1,2,118,0
0.0284912711132266,57,220329,NaN,85,1,2,119,0
0.0158326311067774,57,220329,NaN,85,1,2,120,0
-0.0141426816020231,57,220329,NaN,85,1,2,121,0
-0.0478094727218512,57,220329,NaN,85,1,2,122,0
-0.0727545984930114,57,220329,NaN,85,1,2,123,0
-0.0714507850325091,57,220329,NaN,85,1,2,124,0
-0.0422534382622574,57,220329,NaN,85,1,2,125,0
-0.000877167652092337,57,220329,NaN,85,1,2,126,0
0.0328039429173442,57,220329,NaN,85,1,2,127,0
0.049869396846412,57,220329,NaN,85,1,2,128,0
0.0429899981957628,57,220329,NaN,85,1,2,129,0
0.0207815210833723,57,220329,NaN,85,1,2,130,0
-0.0199039790340834,57,220329,NaN,85,1,2,131,0
-0.0648818465396868,57,220329,NaN,85,1,2,132,0
-0.0973045297676198,57,220329,NaN,85,1,2,133,0
-0.112361954344341,57,220329,NaN,85,1,2,134,0
-0.110328321706626,57,220329,NaN,85,1,2,135,0
-0.0927392140884087,57,220329,NaN,85,1,2,136,0
-0.0768557984143198,57,220329,NaN,85,1,2,137,0
-0.0699399549621581,57,220329,NaN,85,1,2,138,0
-0.0646951179711456,57,220329,NaN,85,1,2,139,0
-0.0621460578112212,57,220329,NaN,85,1,2,140,0
-0.0526509474628077,57,220329,NaN,85,1,2,141,0
-0.0411495222313047,57,220329,NaN,85,1,2,142,0
-0.0304259746251535,57,220329,NaN,85,1,2,143,0
-0.0229404664391284,57,220329,NaN,85,1,2,144,0
-0.00924782146802239,57,220329,NaN,85,1,2,145,0
0.00520618478989088,57,220329,NaN,85,1,2,146,0
0.0336463327143772,57,220329,NaN,85,1,2,147,0
0.068063782011316,57,220329,NaN,85,1,2,148,0
0.101986715365331,57,220329,NaN,85,1,2,149,0
0.126247612329325,57,220329,NaN,85,1,2,150,0
0.139748024423771,57,220329,NaN,85,1,2,151,0
0.12667178121761,57,220329,NaN,85,1,2,152,0
0.101274924997635,57,220329,NaN,85,1,2,153,0
0.0683811672663901,57,220329,NaN,85,1,2,154,0
0.0301479525793369,57,220329,NaN,85,1,2,155,0
-0.00369467301224446,57,220329,NaN,85,1,2,156,0
-0.0326934963420767,57,220329,NaN,85,1,2,157,0
-0.0462823367697304,57,220329,NaN,85,1,2,158,0
-0.0437693087873363,57,220329,NaN,85,1,2,159,0
-0.0346967812592652,57,220329,NaN,85,1,2,160,0
-0.0290907389669499,57,220329,NaN,85,1,2,161,0
-0.0260181206573097,57,220329,NaN,85,1,2,162,0
-0.0352981450782007,57,220329,NaN,85,1,2,163,0
-0.0475229999164452,57,220329,NaN,85,1,2,164,0
-0.0536643231263761,57,220329,NaN,85,1,2,165,0
-0.053095634491868,57,220329,NaN,85,1,2,166,0
-0.0474819285684254,57,220329,NaN,85,1,2,167,0
-0.0404068790699201,57,220329,NaN,85,1,2,168,0
-0.0334755302091763,57,220329,NaN,85,1,2,169,0
-0.016813569894475,57,220329,NaN,85,1,2,170,0
-0.00301550254010396,57,220329,NaN,85,1,2,171,0
-0.00605001488111678,57,220329,NaN,85,1,2,172,0
-0.0148390359444469,57,220329,NaN,85,1,2,173,0
-0.034707981059974,57,220329,NaN,85,1,2,174,0
-0.0589732835392074,57,220329,NaN,85,1,2,175,0
-0.080207388366571,57,220329,NaN,85,1,2,176,0
-0.0978359018380378,57,220329,NaN,85,1,2,177,0
-0.101793527198786,57,220329,NaN,85,1,2,178,0
-0.0869529809783608,57,220329,NaN,85,1,2,179,0
-0.0680280366417173,57,220329,NaN,85,1,2,180,0
-0.034906147847972,57,220329,NaN,85,1,2,181,0
0.00651259511916458,57,220330,NaN,31,1,2,100,0
0.00544604652162084,57,220330,NaN,31,1,2,101,0
0.0128461667785398,57,220330,NaN,31,1,2,102,0
0.0237705181674186,57,220330,NaN,31,1,2,103,0
0.0256256410212201,57,220330,NaN,31,1,2,104,0
0.0137724341570977,57,220330,NaN,31,1,2,105,0
-0.00164979224285067,57,220330,NaN,31,1,2,106,0
-0.0140362760751578,57,220330,NaN,31,1,2,107,0
-0.0202344376482698,57,220330,NaN,31,1,2,108,0
-0.0204737324205132,57,220330,NaN,31,1,2,109,0
-0.0181526917660597,57,220330,NaN,31,1,2,110,0
-0.0187437566535742,57,220330,NaN,31,1,2,111,0
-0.0157116903582663,57,220330,NaN,31,1,2,112,0
-0.0128492092949066,57,220330,NaN,31,1,2,113,0
-0.00546341548439999,57,220330,NaN,31,1,2,114,0
0.00176632387196207,57,220330,NaN,31,1,2,115,0
0.00359189860905762,57,220330,NaN,31,1,2,116,0
0.00363125325650437,57,220330,NaN,31,1,2,117,0
0.00671399294101216,57,220330,NaN,31,1,2,118,0
0.0120259732364092,57,220330,NaN,31,1,2,119,0
0.0181247533831606,57,220330,NaN,31,1,2,120,0
0.0307957573781843,57,220330,NaN,31,1,2,121,0
0.0413737720888514,57,220330,NaN,31,1,2,122,0
0.0573134738452499,57,220330,NaN,31,1,2,123,0
0.0736687729006006,57,220330,NaN,31,1,2,124,0
0.0844503977483985,57,220330,NaN,31,1,2,125,0
0.0748626755631829,57,220330,NaN,31,1,2,126,0
0.0510282843943899,57,220330,NaN,31,1,2,127,0
0.0185100294974673,57,220330,NaN,31,1,2,128,0
-0.00754446813590071,57,220330,NaN,31,1,2,129,0
-0.0200983764008116,57,220330,NaN,31,1,2,130,0
-0.0223026826488452,57,220330,NaN,31,1,2,131,0
-0.0246429359475047,57,220330,NaN,31,1,2,132,0
-0.0329203872881988,57,220330,NaN,31,1,2,133,0
-0.0486370325434633,57,220330,NaN,31,1,2,134,0
-0.0731236419312669,57,220330,NaN,31,1,2,135,0
-0.0969755700710054,57,220330,NaN,31,1,2,136,0
-0.115825420173228,57,220330,NaN,31,1,2,137,0
-0.125293297937585,57,220330,NaN,31,1,2,138,0
-0.122943139490501,57,220330,NaN,31,1,2,139,0
-0.115628264176268,57,220330,NaN,31,1,2,140,0
-0.11147820137213,57,220330,NaN,31,1,2,141,0
-0.114292070586097,57,220330,NaN,31,1,2,142,0
-0.120180769300009,57,220330,NaN,31,1,2,143,0
-0.123716076314336,57,220330,NaN,31,1,2,144,0
-0.123967644340717,57,220330,NaN,31,1,2,145,0
-0.119258199831479,57,220330,NaN,31,1,2,146,0
-0.118405393892072,57,220330,NaN,31,1,2,147,0
-0.116096517626381,57,220330,NaN,31,1,2,148,0
-0.113347258770465,57,220330,NaN,31,1,2,149,0
-0.114743861821228,57,220330,NaN,31,1,2,150,0
-0.113692178255442,57,220330,NaN,31,1,2,151,0
-0.109048223781088,57,220330,NaN,31,1,2,152,0
-0.100468249729128,57,220330,NaN,31,1,2,153,0
-0.0905394588348983,57,220330,NaN,31,1,2,154,0
-0.0813408721142889,57,220330,NaN,31,1,2,155,0
-0.0793070374402163,57,220330,NaN,31,1,2,156,0
-0.0855538035739923,57,220330,NaN,31,1,2,157,0
-0.0939276262041984,57,220330,NaN,31,1,2,158,0
-0.0989030434988564,57,220330,NaN,31,1,2,159,0
-0.0935256505235332,57,220330,NaN,31,1,2,160,0
-0.0810682357323518,57,220330,NaN,31,1,2,161,0
-0.0717453263489651,57,220330,NaN,31,1,2,162,0
-0.0718314430918208,57,220330,NaN,31,1,2,163,0
-0.0817050766092374,57,220330,NaN,31,1,2,164,0
-0.0991190833306606,57,220330,NaN,31,1,2,165,0
-0.111561391053423,57,220330,NaN,31,1,2,166,0
-0.11652396193631,57,220330,NaN,31,1,2,167,0
-0.116658359501968,57,220330,NaN,31,1,2,168,0
-0.103722682095496,57,220330,NaN,31,1,2,169,0
-0.0849673886742768,57,220330,NaN,31,1,2,170,0
-0.0619227779592276,57,220330,NaN,31,1,2,171,0
-0.0466019573944703,57,220330,NaN,31,1,2,172,0
-0.044878073394047,57,220330,NaN,31,1,2,173,0
-0.0474098640673207,57,220330,NaN,31,1,2,174,0
-0.0518039140931229,57,220330,NaN,31,1,2,175,0
-0.0580397111420808,57,220330,NaN,31,1,2,176,0
-0.0620426323380431,57,220330,NaN,31,1,2,177,0
-0.0711790046993639,57,220330,NaN,31,1,2,178,0
-0.0863111606342883,57,220330,NaN,31,1,2,179,0
-0.105552637198522,57,220330,NaN,31,1,2,180,0
-0.124075664689366,57,220330,NaN,31,1,2,181,0
0.0406427865413772,57,220330,NaN,74,1,2,100,0
0.0348795610510577,57,220330,NaN,74,1,2,101,0
0.0132531707330715,57,220330,NaN,74,1,2,102,0
-0.0146154703160362,57,220330,NaN,74,1,2,103,0
-0.0394380915388962,57,220330,NaN,74,1,2,104,0
-0.0576420308721262,57,220330,NaN,74,1,2,105,0
-0.0618152597452164,57,220330,NaN,74,1,2,106,0
-0.0654536499575067,57,220330,NaN,74,1,2,107,0
-0.0623378742397329,57,220330,NaN,74,1,2,108,0
-0.0494407373641295,57,220330,NaN,74,1,2,109,0
-0.0302362265591868,57,220330,NaN,74,1,2,110,0
-0.00901976300749396,57,220330,NaN,74,1,2,111,0
0.00682573498260386,57,220330,NaN,74,1,2,112,0
0.0121140070711119,57,220330,NaN,74,1,2,113,0
0.0136215031816455,57,220330,NaN,74,1,2,114,0
0.0210470321247043,57,220330,NaN,74,1,2,115,0
0.0303724652237056,57,220330,NaN,74,1,2,116,0
0.0454782725520196,57,220330,NaN,74,1,2,117,0
0.0634419621170234,57,220330,NaN,74,1,2,118,0
0.0736754023132303,57,220330,NaN,74,1,2,119,0
0.075289992250148,57,220330,NaN,74,1,2,120,0
0.0774582130498167,57,220330,NaN,74,1,2,121,0
0.0760728623267601,57,220330,NaN,74,1,2,122,0
0.0723391159380828,57,220330,NaN,74,1,2,123,0
0.0712045125565699,57,220330,NaN,74,1,2,124,0
0.0626344665018778,57,220330,NaN,74,1,2,125,0
0.052051468750844,57,220330,NaN,74,1,2,126,0
0.0417201160436816,57,220330,NaN,74,1,2,127,0
0.0305829382747029,57,220330,NaN,74,1,2,128,0
0.0212920279576273,57,220330,NaN,74,1,2,129,0
0.0109811336298051,57,220330,NaN,74,1,2,130,0
-0.00513768938184556,57,220330,NaN,74,1,2,131,0
-0.0264035194623574,57,220330,NaN,74,1,2,132,0
-0.0507363506719624,57,220330,NaN,74,1,2,133,0
-0.0756605221714075,57,220330,NaN,74,1,2,134,0
-0.101413572189824,57,220330,NaN,74,1,2,135,0
-0.116453188559249,57,220330,NaN,74,1,2,136,0
-0.124099525561645,57,220330,NaN,74,1,2,137,0
-0.125797686408335,57,220330,NaN,74,1,2,138,0
-0.126439626324367,57,220330,NaN,74,1,2,139,0
-0.126959399167218,57,220330,NaN,74,1,2,140,0
-0.130802933597015,57,220330,NaN,74,1,2,141,0
-0.135493431990535,57,220330,NaN,74,1,2,142,0
-0.132892761277688,57,220330,NaN,74,1,2,143,0
-0.126287776194725,57,220330,NaN,74,1,2,144,0
-0.118759541716566,57,220330,NaN,74,1,2,145,0
-0.120201030239321,57,220330,NaN,74,1,2,146,0
-0.128163684977078,57,220330,NaN,74,1,2,147,0
-0.140880461271782,57,220330,NaN,74,1,2,148,0
-0.153009912307197,57,220330,NaN,74,1,2,149,0
-0.161671113585377,57,220330,NaN,74,1,2,150,0
-0.162759733924122,57,220330,NaN,74,1,2,151,0
-0.159936048290838,57,220330,NaN,74,1,2,152,0
-0.159894812201857,57,220330,NaN,74,1,2,153,0
-0.156512264786725,57,220330,NaN,74,1,2,154,0
-0.156215794105426,57,220330,NaN,74,1,2,155,0
-0.157514232951884,57,220330,NaN,74,1,2,156,0
-0.160897361911171,57,220330,NaN,74,1,2,157,0
-0.169123977585436,57,220330,NaN,74,1,2,158,0
-0.182410228986047,57,220330,NaN,74,1,2,159,0
-0.19230701269662,57,220330,NaN,74,1,2,160,0
-0.195133576398407,57,220330,NaN,74,1,2,161,0
-0.189882803539555,57,220330,NaN,74,1,2,162,0
-0.173555016093837,57,220330,NaN,74,1,2,163,0
-0.159243679828157,57,220330,NaN,74,1,2,164,0
-0.154769126503248,57,220330,NaN,74,1,2,165,0
-0.158127433505204,57,220330,NaN,74,1,2,166,0
-0.169466825766879,57,220330,NaN,74,1,2,167,0
-0.185878914314354,57,220330,NaN,74,1,2,168,0
-0.197411269248279,57,220330,NaN,74,1,2,169,0
-0.21359727676129,57,220330,NaN,74,1,2,170,0
-0.227143341977017,57,220330,NaN,74,1,2,171,0
-0.241587055702836,57,220330,NaN,74,1,2,172,0
-0.25667367663089,57,220330,NaN,74,1,2,173,0
-0.268920143371292,57,220330,NaN,74,1,2,174,0
-0.278846466122106,57,220330,NaN,74,1,2,175,0
-0.28715185333841,57,220330,NaN,74,1,2,176,0
-0.292619796689216,57,220330,NaN,74,1,2,177,0
-0.295768427943853,57,220330,NaN,74,1,2,178,0
-0.293710543494126,57,220330,NaN,74,1,2,179,0
-0.293254119110252,57,220330,NaN,74,1,2,180,0
-0.303926706436926,57,220330,NaN,74,1,2,181,0
0.00113506472338842,57,220331,NaN,67,1,2,100,0
-0.0160033392861629,57,220331,NaN,67,1,2,101,0
-0.0279214903895768,57,220331,NaN,67,1,2,102,0
-0.0335767289669738,57,220331,NaN,67,1,2,103,0
-0.0330284036542403,57,220331,NaN,67,1,2,104,0
-0.0298318458645274,57,220331,NaN,67,1,2,105,0
-0.0279243902638577,57,220331,NaN,67,1,2,106,0
-0.0241597160438808,57,220331,NaN,67,1,2,107,0
-0.0177381823065913,57,220331,NaN,67,1,2,108,0
-0.0123997676292833,57,220331,NaN,67,1,2,109,0
-0.00363120860878452,57,220331,NaN,67,1,2,110,0
0.0094298817250652,57,220331,NaN,67,1,2,111,0
0.0165540354525722,57,220331,NaN,67,1,2,112,0
0.0177649557121755,57,220331,NaN,67,1,2,113,0
0.0133730460912337,57,220331,NaN,67,1,2,114,0
0.00643418329522638,57,220331,NaN,67,1,2,115,0
0.00442089533347723,57,220331,NaN,67,1,2,116,0
0.0139506763772747,57,220331,NaN,67,1,2,117,0
0.0307487904778122,57,220331,NaN,67,1,2,118,0
0.0481343472455049,57,220331,NaN,67,1,2,119,0
0.0654042613035367,57,220331,NaN,67,1,2,120,0
0.0783075249573515,57,220331,NaN,67,1,2,121,0
0.0912215164812821,57,220331,NaN,67,1,2,122,0
0.101470665985112,57,220331,NaN,67,1,2,123,0
0.107488703892881,57,220331,NaN,67,1,2,124,0
0.106698195755164,57,220331,NaN,67,1,2,125,0
0.0945632989928139,57,220331,NaN,67,1,2,126,0
0.0756281734945453,57,220331,NaN,67,1,2,127,0
0.0603004415352053,57,220331,NaN,67,1,2,128,0
0.049014471829197,57,220331,NaN,67,1,2,129,0
0.046125825422772,57,220331,NaN,67,1,2,130,0
0.0523101755352919,57,220331,NaN,67,1,2,131,0
0.0640810704550843,57,220331,NaN,67,1,2,132,0
0.0814584772025503,57,220331,NaN,67,1,2,133,0
0.0962023951492529,57,220331,NaN,67,1,2,134,0
0.105239008133876,57,220331,NaN,67,1,2,135,0
0.106698341635197,57,220331,NaN,67,1,2,136,0
0.100355144240529,57,220331,NaN,67,1,2,137,0
0.0912273358368936,57,220331,NaN,67,1,2,138,0
0.0836981815153606,57,220331,NaN,67,1,2,139,0
0.0732261344273739,57,220331,NaN,67,1,2,140,0
0.0633067450006749,57,220331,NaN,67,1,2,141,0
0.0576965856805973,57,220331,NaN,67,1,2,142,0
0.0542902257498834,57,220331,NaN,67,1,2,143,0
0.0535527563689496,57,220331,NaN,67,1,2,144,0
0.0512566337888539,57,220331,NaN,67,1,2,145,0
0.04231855757632,57,220331,NaN,67,1,2,146,0
0.0352558137707671,57,220331,NaN,67,1,2,147,0
0.0322126073620043,57,220331,NaN,67,1,2,148,0
0.0341635965381329,57,220331,NaN,67,1,2,149,0
0.0398866070075571,57,220331,NaN,67,1,2,150,0
0.0483361971800039,57,220331,NaN,67,1,2,151,0
0.0538883085569806,57,220331,NaN,67,1,2,152,0
0.0637716816819696,57,220331,NaN,67,1,2,153,0
0.0802328005979257,57,220331,NaN,67,1,2,154,0
0.0965814008214393,57,220331,NaN,67,1,2,155,0
0.108814034824274,57,220331,NaN,67,1,2,156,0
0.113213938841572,57,220331,NaN,67,1,2,157,0
0.0995681142652103,57,220331,NaN,67,1,2,158,0
0.0773148304909413,57,220331,NaN,67,1,2,159,0
0.0564871443222685,57,220331,NaN,67,1,2,160,0
0.0379318776573433,57,220331,NaN,67,1,2,161,0
0.0263234393698103,57,220331,NaN,67,1,2,162,0
0.0230859591821553,57,220331,NaN,67,1,2,163,0
0.0240764246717277,57,220331,NaN,67,1,2,164,0
0.0317403432008191,57,220331,NaN,67,1,2,165,0
0.0413624703675477,57,220331,NaN,67,1,2,166,0
0.0507846959474171,57,220331,NaN,67,1,2,167,0
0.0590336883000209,57,220331,NaN,67,1,2,168,0
0.0642133578253711,57,220331,NaN,67,1,2,169,0
0.0664061053093418,57,220331,NaN,67,1,2,170,0
0.0691705095197249,57,220331,NaN,67,1,2,171,0
0.0718150279841353,57,220331,NaN,67,1,2,172,0
0.0702581383851618,57,220331,NaN,67,1,2,173,0
0.066878847561201,57,220331,NaN,67,1,2,174,0
0.0576396536731992,57,220331,NaN,67,1,2,175,0
0.0482560278836554,57,220331,NaN,67,1,2,176,0
0.0430173573984033,57,220331,NaN,67,1,2,177,0
0.0386029591668909,57,220331,NaN,67,1,2,178,0
0.0341432584502245,57,220331,NaN,67,1,2,179,0
0.0273290905949413,57,220331,NaN,67,1,2,180,0
0.0149487828840836,57,220331,NaN,67,1,2,181,0
-0.0143489202150403,57,220331,NaN,70,1,2,100,0
-0.007354952716628,57,220331,NaN,70,1,2,101,0
-0.00175598410475275,57,220331,NaN,70,1,2,102,0
0.0033716210205732,57,220331,NaN,70,1,2,103,0
0.00752989569131202,57,220331,NaN,70,1,2,104,0
0.0119731857627265,57,220331,NaN,70,1,2,105,0
0.0196208205103011,57,220331,NaN,70,1,2,106,0
0.0298002141387065,57,220331,NaN,70,1,2,107,0
0.0389445067724419,57,220331,NaN,70,1,2,108,0
0.0358403330621635,57,220331,NaN,70,1,2,109,0
0.0255377880946194,57,220331,NaN,70,1,2,110,0
0.00557672702321099,57,220331,NaN,70,1,2,111,0
-0.0164225364478903,57,220331,NaN,70,1,2,112,0
-0.0262855469784948,57,220331,NaN,70,1,2,113,0
-0.0281150663584134,57,220331,NaN,70,1,2,114,0
-0.0310811033914867,57,220331,NaN,70,1,2,115,0
-0.031719635199239,57,220331,NaN,70,1,2,116,0
-0.0282197924615248,57,220331,NaN,70,1,2,117,0
-0.0151495959563231,57,220331,NaN,70,1,2,118,0
0.00151639092336009,57,220331,NaN,70,1,2,119,0
0.00639273061534062,57,220331,NaN,70,1,2,120,0
0.00431372837969302,57,220331,NaN,70,1,2,121,0
-0.00682395847017092,57,220331,NaN,70,1,2,122,0
-0.0230378523020831,57,220331,NaN,70,1,2,123,0
-0.0364103938302985,57,220331,NaN,70,1,2,124,0
-0.0432666284182057,57,220331,NaN,70,1,2,125,0
-0.0368973724522077,57,220331,NaN,70,1,2,126,0
-0.020925045100919,57,220331,NaN,70,1,2,127,0
0.00173580455226852,57,220331,NaN,70,1,2,128,0
0.0134434263541653,57,220331,NaN,70,1,2,129,0
0.0125356888838168,57,220331,NaN,70,1,2,130,0
-0.00248195557470021,57,220331,NaN,70,1,2,131,0
-0.0199548902443357,57,220331,NaN,70,1,2,132,0
-0.0358734839048431,57,220331,NaN,70,1,2,133,0
-0.0428379302880969,57,220331,NaN,70,1,2,134,0
-0.0430649568043056,57,220331,NaN,70,1,2,135,0
-0.0471231136467782,57,220331,NaN,70,1,2,136,0
-0.0559214673098845,57,220331,NaN,70,1,2,137,0
-0.0623939815235446,57,220331,NaN,70,1,2,138,0
-0.0644197509231207,57,220331,NaN,70,1,2,139,0
-0.066347251507787,57,220331,NaN,70,1,2,140,0
-0.0683073762251499,57,220331,NaN,70,1,2,141,0
-0.0752416623085842,57,220331,NaN,70,1,2,142,0
-0.0862740087651697,57,220331,NaN,70,1,2,143,0
-0.0958957892390244,57,220331,NaN,70,1,2,144,0
-0.098780047086986,57,220331,NaN,70,1,2,145,0
-0.092208878758123,57,220331,NaN,70,1,2,146,0
-0.0740973181858419,57,220331,NaN,70,1,2,147,0
-0.0505267266798782,57,220331,NaN,70,1,2,148,0
-0.0368522786635987,57,220331,NaN,70,1,2,149,0
-0.0355200079478638,57,220331,NaN,70,1,2,150,0
-0.0493473785841377,57,220331,NaN,70,1,2,151,0
-0.08132580879266,57,220331,NaN,70,1,2,152,0
-0.107197811899874,57,220331,NaN,70,1,2,153,0
-0.126529542418486,57,220331,NaN,70,1,2,154,0
-0.143119356588001,57,220331,NaN,70,1,2,155,0
-0.15201070126363,57,220331,NaN,70,1,2,156,0
-0.157233286831375,57,220331,NaN,70,1,2,157,0
-0.159981809704317,57,220331,NaN,70,1,2,158,0
-0.143940418475069,57,220331,NaN,70,1,2,159,0
-0.116990345274594,57,220331,NaN,70,1,2,160,0
-0.089803442366949,57,220331,NaN,70,1,2,161,0
-0.0684757070497752,57,220331,NaN,70,1,2,162,0
-0.055847238568951,57,220331,NaN,70,1,2,163,0
-0.0677016390717519,57,220331,NaN,70,1,2,164,0
-0.0951914894089707,57,220331,NaN,70,1,2,165,0
-0.126289863787554,57,220331,NaN,70,1,2,166,0
-0.158735753228472,57,220331,NaN,70,1,2,167,0
-0.179533025730893,57,220331,NaN,70,1,2,168,0
-0.183225832787862,57,220331,NaN,70,1,2,169,0
-0.173122120079746,57,220331,NaN,70,1,2,170,0
-0.159905635386842,57,220331,NaN,70,1,2,171,0
-0.15563361193286,57,220331,NaN,70,1,2,172,0
-0.167776310376144,57,220331,NaN,70,1,2,173,0
-0.177640716525718,57,220331,NaN,70,1,2,174,0
-0.1825150890077,57,220331,NaN,70,1,2,175,0
-0.17290046743517,57,220331,NaN,70,1,2,176,0
-0.158004060759613,57,220331,NaN,70,1,2,177,0
-0.142919671868443,57,220331,NaN,70,1,2,178,0
-0.137721936876355,57,220331,NaN,70,1,2,179,0
-0.146185367961237,57,220331,NaN,70,1,2,180,0
-0.169384512195547,57,220331,NaN,70,1,2,181,0
-0.0423691483687283,62,221008,NaN,2,1,2,100,0
-0.0177268625774696,62,221008,NaN,2,1,2,101,0
0.00317000166297166,62,221008,NaN,2,1,2,102,0
0.0120771379107156,62,221008,NaN,2,1,2,103,0
0.020187917754226,62,221008,NaN,2,1,2,104,0
0.02890472841698,62,221008,NaN,2,1,2,105,0
0.0335593166182993,62,221008,NaN,2,1,2,106,0
0.0316786393521048,62,221008,NaN,2,1,2,107,0
0.0215587777176968,62,221008,NaN,2,1,2,108,0
0.0108842454554199,62,221008,NaN,2,1,2,109,0
0.00453980952588351,62,221008,NaN,2,1,2,110,0
0.00952369415323318,62,221008,NaN,2,1,2,111,0
0.0192195302410776,62,221008,NaN,2,1,2,112,0
0.0216961322554298,62,221008,NaN,2,1,2,113,0
0.004650599592534,62,221008,NaN,2,1,2,114,0
-0.0219538658735,62,221008,NaN,2,1,2,115,0
-0.0487812152175865,62,221008,NaN,2,1,2,116,0
-0.0615020846922792,62,221008,NaN,2,1,2,117,0
-0.0466724410454974,62,221008,NaN,2,1,2,118,0
-0.0211904704821473,62,221008,NaN,2,1,2,119,0
-0.00382359076809613,62,221008,NaN,2,1,2,120,0
0.00311147337660567,62,221008,NaN,2,1,2,121,0
-0.00311770753353802,62,221008,NaN,2,1,2,122,0
-0.01497220110125,62,221008,NaN,2,1,2,123,0
-0.0324447867826828,62,221008,NaN,2,1,2,124,0
-0.0597919915402841,62,221008,NaN,2,1,2,125,0
-0.0852101787871867,62,221008,NaN,2,1,2,126,0
-0.10617181286701,62,221008,NaN,2,1,2,127,0
-0.12292392692739,62,221008,NaN,2,1,2,128,0
-0.13253634863769,62,221008,NaN,2,1,2,129,0
-0.138170642937293,62,221008,NaN,2,1,2,130,0
-0.138688417648768,62,221008,NaN,2,1,2,131,0
-0.117483441575275,62,221008,NaN,2,1,2,132,0
-0.0818197628119597,62,221008,NaN,2,1,2,133,0
-0.0453382099717923,62,221008,NaN,2,1,2,134,0
-0.0193534419798906,62,221008,NaN,2,1,2,135,0
-0.00856862691530136,62,221008,NaN,2,1,2,136,0
-0.0111468492710619,62,221008,NaN,2,1,2,137,0
-0.0134037525141882,62,221008,NaN,2,1,2,138,0
-0.0177726478394269,62,221008,NaN,2,1,2,139,0
-0.0152856284446373,62,221008,NaN,2,1,2,140,0
-0.00604995663139696,62,221008,NaN,2,1,2,141,0
0.00814184719117828,62,221008,NaN,2,1,2,142,0
0.0140799894688473,62,221008,NaN,2,1,2,143,0
0.0145980237742149,62,221008,NaN,2,1,2,144,0
0.0108697582106084,62,221008,NaN,2,1,2,145,0
0.00146657568485919,62,221008,NaN,2,1,2,146,0
-0.0111046307155394,62,221008,NaN,2,1,2,147,0
-0.0133369449496146,62,221008,NaN,2,1,2,148,0
-0.00906777203294584,62,221008,NaN,2,1,2,149,0
-0.0111878313796664,62,221008,NaN,2,1,2,150,0
-0.0208615878873092,62,221008,NaN,2,1,2,151,0
-0.0375840862488184,62,221008,NaN,2,1,2,152,0
-0.0472790680733651,62,221008,NaN,2,1,2,153,0
-0.0398374536850059,62,221008,NaN,2,1,2,154,0
-0.0109724723396942,62,221008,NaN,2,1,2,155,0
0.0343404496912637,62,221008,NaN,2,1,2,156,0
0.0730544821570538,62,221008,NaN,2,1,2,157,0
0.0937574839729965,62,221008,NaN,2,1,2,158,0
0.0941124677670703,62,221008,NaN,2,1,2,159,0
0.0796902316101625,62,221008,NaN,2,1,2,160,0
0.0496738288913533,62,221008,NaN,2,1,2,161,0
0.0196867851535597,62,221008,NaN,2,1,2,162,0
0.00305238585232548,62,221008,NaN,2,1,2,163,0
0.00329808171107449,62,221008,NaN,2,1,2,164,0
0.0169650755170561,62,221008,NaN,2,1,2,165,0
0.0355852438011589,62,221008,NaN,2,1,2,166,0
0.0513037123834633,62,221008,NaN,2,1,2,167,0
0.0575495807008786,62,221008,NaN,2,1,2,168,0
0.0523826171275296,62,221008,NaN,2,1,2,169,0
0.0381745375108872,62,221008,NaN,2,1,2,170,0
0.0216053860853394,62,221008,NaN,2,1,2,171,0
-0.00220306398266568,62,221008,NaN,2,1,2,172,0
-0.0190706152909387,62,221008,NaN,2,1,2,173,0
-0.0190860161031733,62,221008,NaN,2,1,2,174,0
-0.0175637831333352,62,221008,NaN,2,1,2,175,0
-0.0213440082844745,62,221008,NaN,2,1,2,176,0
-0.0279245128031863,62,221008,NaN,2,1,2,177,0
-0.0401911712291408,62,221008,NaN,2,1,2,178,0
-0.0425502417375785,62,221008,NaN,2,1,2,179,0
-0.0426207955572881,62,221008,NaN,2,1,2,180,0
-0.0396409726943472,62,221008,NaN,2,1,2,181,0
0.00193634409789978,62,221008,NaN,4,1,2,100,0
-0.00019541957039082,62,221008,NaN,4,1,2,101,0
-0.00585131576737519,62,221008,NaN,4,1,2,102,0
-0.0116715067167469,62,221008,NaN,4,1,2,103,0
-0.0138011284547278,62,221008,NaN,4,1,2,104,0
-0.0104578768594132,62,221008,NaN,4,1,2,105,0
0.00360364175042605,62,221008,NaN,4,1,2,106,0
0.0146379433424656,62,221008,NaN,4,1,2,107,0
0.0269243743002459,62,221008,NaN,4,1,2,108,0
0.0326263585013683,62,221008,NaN,4,1,2,109,0
0.0313084399309806,62,221008,NaN,4,1,2,110,0
0.028019040238241,62,221008,NaN,4,1,2,111,0
0.0250951538054649,62,221008,NaN,4,1,2,112,0
0.0229077748774058,62,221008,NaN,4,1,2,113,0
0.0210451596552337,62,221008,NaN,4,1,2,114,0
0.0124161943664952,62,221008,NaN,4,1,2,115,0
-0.00261836794458437,62,221008,NaN,4,1,2,116,0
-0.0189733801446654,62,221008,NaN,4,1,2,117,0
-0.0393245047816048,62,221008,NaN,4,1,2,118,0
-0.0554746254298089,62,221008,NaN,4,1,2,119,0
-0.0602159550990101,62,221008,NaN,4,1,2,120,0
-0.0591325351332167,62,221008,NaN,4,1,2,121,0
-0.0543789820351908,62,221008,NaN,4,1,2,122,0
-0.0526555568177001,62,221008,NaN,4,1,2,123,0
-0.0580889983238781,62,221008,NaN,4,1,2,124,0
-0.0665302305051227,62,221008,NaN,4,1,2,125,0
-0.0691477090849393,62,221008,NaN,4,1,2,126,0
-0.0663799453563085,62,221008,NaN,4,1,2,127,0
-0.0629953861536601,62,221008,NaN,4,1,2,128,0
-0.0618915735447719,62,221008,NaN,4,1,2,129,0
-0.0725716801198736,62,221008,NaN,4,1,2,130,0
-0.0851458746333151,62,221008,NaN,4,1,2,131,0
-0.0979245340497765,62,221008,NaN,4,1,2,132,0
-0.110507212974744,62,221008,NaN,4,1,2,133,0
-0.117473509827347,62,221008,NaN,4,1,2,134,0
-0.115519326264323,62,221008,NaN,4,1,2,135,0
-0.109495164169122,62,221008,NaN,4,1,2,136,0
-0.0944297360121846,62,221008,NaN,4,1,2,137,0
-0.0748063289253347,62,221008,NaN,4,1,2,138,0
-0.0551579763671185,62,221008,NaN,4,1,2,139,0
-0.0325321386370446,62,221008,NaN,4,1,2,140,0
-0.0172032990120653,62,221008,NaN,4,1,2,141,0
-0.00984438664154419,62,221008,NaN,4,1,2,142,0
-0.0105421350501005,62,221008,NaN,4,1,2,143,0
-0.0234691621028089,62,221008,NaN,4,1,2,144,0
-0.0444644679332057,62,221008,NaN,4,1,2,145,0
-0.0669242563330134,62,221008,NaN,4,1,2,146,0
-0.0823217957578071,62,221008,NaN,4,1,2,147,0
-0.0854820778947396,62,221008,NaN,4,1,2,148,0
-0.079327031883176,62,221008,NaN,4,1,2,149,0
-0.0716120154190341,62,221008,NaN,4,1,2,150,0
-0.070882483392404,62,221008,NaN,4,1,2,151,0
-0.0769703878854719,62,221008,NaN,4,1,2,152,0
-0.0884648592839828,62,221008,NaN,4,1,2,153,0
-0.101966698704966,62,221008,NaN,4,1,2,154,0
-0.110208574337609,62,221008,NaN,4,1,2,155,0
-0.114640560054558,62,221008,NaN,4,1,2,156,0
-0.11434540150184,62,221008,NaN,4,1,2,157,0
-0.112796300848935,62,221008,NaN,4,1,2,158,0
-0.114925402339755,62,221008,NaN,4,1,2,159,0
-0.122232208660523,62,221008,NaN,4,1,2,160,0
-0.131126350442796,62,221008,NaN,4,1,2,161,0
-0.140337602791683,62,221008,NaN,4,1,2,162,0
-0.148197524148881,62,221008,NaN,4,1,2,163,0
-0.154343871303466,62,221008,NaN,4,1,2,164,0
-0.157360280994859,62,221008,NaN,4,1,2,165,0
-0.155585769342124,62,221008,NaN,4,1,2,166,0
-0.152141430534626,62,221008,NaN,4,1,2,167,0
-0.146859377164803,62,221008,NaN,4,1,2,168,0
-0.140906150108865,62,221008,NaN,4,1,2,169,0
-0.133150455726562,62,221008,NaN,4,1,2,170,0
-0.130544373541786,62,221008,NaN,4,1,2,171,0
-0.124052131216128,62,221008,NaN,4,1,2,172,0
-0.11529171286819,62,221008,NaN,4,1,2,173,0
-0.111495057893453,62,221008,NaN,4,1,2,174,0
-0.112540967062785,62,221008,NaN,4,1,2,175,0
-0.113440882678617,62,221008,NaN,4,1,2,176,0
-0.112392877477552,62,221008,NaN,4,1,2,177,0
-0.107369711255447,62,221008,NaN,4,1,2,178,0
-0.0966106705360384,62,221008,NaN,4,1,2,179,0
-0.0857769780159942,62,221008,NaN,4,1,2,180,0
-0.079993657438853,62,221008,NaN,4,1,2,181,0
0.105694001595115,62,221008,NaN,242,1,2,100,0
0.114092312567055,62,221008,NaN,242,1,2,101,0
0.121252623452221,62,221008,NaN,242,1,2,102,0
0.116813747004134,62,221008,NaN,242,1,2,103,0
0.103929198224995,62,221008,NaN,242,1,2,104,0
0.0900181904537727,62,221008,NaN,242,1,2,105,0
0.0713445692604227,62,221008,NaN,242,1,2,106,0
0.0442922382807861,62,221008,NaN,242,1,2,107,0
0.0223443659850318,62,221008,NaN,242,1,2,108,0
-0.000674093231641248,62,221008,NaN,242,1,2,109,0
-0.0173178271854031,62,221008,NaN,242,1,2,110,0
-0.0225002283422437,62,221008,NaN,242,1,2,111,0
-0.0233811511848758,62,221008,NaN,242,1,2,112,0
-0.0262133394500235,62,221008,NaN,242,1,2,113,0
-0.036812375234401,62,221008,NaN,242,1,2,114,0
-0.0605181806983607,62,221008,NaN,242,1,2,115,0
-0.0816680314850835,62,221008,NaN,242,1,2,116,0
-0.0980363153623059,62,221008,NaN,242,1,2,117,0
-0.11021344154101,62,221008,NaN,242,1,2,118,0
-0.107093872456247,62,221008,NaN,242,1,2,119,0
-0.0996583890568186,62,221008,NaN,242,1,2,120,0
-0.0917188665480229,62,221008,NaN,242,1,2,121,0
-0.0834699569740079,62,221008,NaN,242,1,2,122,0
-0.0773182436336988,62,221008,NaN,242,1,2,123,0
-0.0747081825175251,62,221008,NaN,242,1,2,124,0
-0.0611947551602398,62,221008,NaN,242,1,2,125,0
-0.0493760810949924,62,221008,NaN,242,1,2,126,0
-0.0433235440404406,62,221008,NaN,242,1,2,127,0
-0.0426392886900844,62,221008,NaN,242,1,2,128,0
-0.0508915345258534,62,221008,NaN,242,1,2,129,0
-0.0540884620745509,62,221008,NaN,242,1,2,130,0
-0.0447382985563786,62,221008,NaN,242,1,2,131,0
-0.0393673109016155,62,221008,NaN,242,1,2,132,0
-0.0415246987797037,62,221008,NaN,242,1,2,133,0
-0.0420074242768907,62,221008,NaN,242,1,2,134,0
-0.0466874572296406,62,221008,NaN,242,1,2,135,0
-0.0474863352140377,62,221008,NaN,242,1,2,136,0
-0.0416048846327548,62,221008,NaN,242,1,2,137,0
-0.0376884247485233,62,221008,NaN,242,1,2,138,0
-0.0324466091929055,62,221008,NaN,242,1,2,139,0
-0.0266755397773882,62,221008,NaN,242,1,2,140,0
-0.024929725906631,62,221008,NaN,242,1,2,141,0
-0.0200267012469031,62,221008,NaN,242,1,2,142,0
-0.0138396596066088,62,221008,NaN,242,1,2,143,0
-0.00786693184049947,62,221008,NaN,242,1,2,144,0
-0.00864474739513721,62,221008,NaN,242,1,2,145,0
-0.00877080030829391,62,221008,NaN,242,1,2,146,0
-0.0134494379707245,62,221008,NaN,242,1,2,147,0
-0.0193543018257565,62,221008,NaN,242,1,2,148,0
-0.0214823693678958,62,221008,NaN,242,1,2,149,0
-0.0242406222530246,62,221008,NaN,242,1,2,150,0
-0.0172352902355917,62,221008,NaN,242,1,2,151,0
-0.00666860579554984,62,221008,NaN,242,1,2,152,0
-0.00230600488777821,62,221008,NaN,242,1,2,153,0
-0.00690281807679349,62,221008,NaN,242,1,2,154,0
-0.0206058793607393,62,221008,NaN,242,1,2,155,0
-0.0386713990051336,62,221008,NaN,242,1,2,156,0
-0.0431271323687961,62,221008,NaN,242,1,2,157,0
-0.0359068366506464,62,221008,NaN,242,1,2,158,0
-0.0184765116589871,62,221008,NaN,242,1,2,159,0
-0.00309611743510785,62,221008,NaN,242,1,2,160,0
0.000475831625754153,62,221008,NaN,242,1,2,161,0
-0.00596517667895757,62,221008,NaN,242,1,2,162,0
-0.0199273915220444,62,221008,NaN,242,1,2,163,0
-0.0331565762204027,62,221008,NaN,242,1,2,164,0
-0.0414414915968296,62,221008,NaN,242,1,2,165,0
-0.046510041607977,62,221008,NaN,242,1,2,166,0
-0.0475064850165527,62,221008,NaN,242,1,2,167,0
-0.0352698770738983,62,221008,NaN,242,1,2,168,0
-0.0173717456074968,62,221008,NaN,242,1,2,169,0
-0.00985354950080164,62,221008,NaN,242,1,2,170,0
-0.0147494090517083,62,221008,NaN,242,1,2,171,0
-0.016924650113871,62,221008,NaN,242,1,2,172,0
-0.0121060718005395,62,221008,NaN,242,1,2,173,0
0.00156632775419219,62,221008,NaN,242,1,2,174,0
0.0199159751955886,62,221008,NaN,242,1,2,175,0
0.0185994197050737,62,221008,NaN,242,1,2,176,0
-0.0101550684985688,62,221008,NaN,242,1,2,177,0
-0.054189760511236,62,221008,NaN,242,1,2,178,0
-0.100573129518527,62,221008,NaN,242,1,2,179,0
-0.13248588807808,62,221008,NaN,242,1,2,180,0
-0.129967804583309,62,221008,NaN,242,1,2,181,0
0.0416634037226165,62,221009,NaN,25,1,2,100,0
-0.00939562225153845,62,221009,NaN,25,1,2,101,0
-0.0458165241557893,62,221009,NaN,25,1,2,102,0
-0.0571539212026595,62,221009,NaN,25,1,2,103,0
-0.0473863315729688,62,221009,NaN,25,1,2,104,0
-0.0377963797770934,62,221009,NaN,25,1,2,105,0
-0.0368398469804651,62,221009,NaN,25,1,2,106,0
-0.0508414224741329,62,221009,NaN,25,1,2,107,0
-0.0709886404396052,62,221009,NaN,25,1,2,108,0
-0.0823470356720138,62,221009,NaN,25,1,2,109,0
-0.0773364177048013,62,221009,NaN,25,1,2,110,0
-0.0602199854574318,62,221009,NaN,25,1,2,111,0
-0.0326005081899362,62,221009,NaN,25,1,2,112,0
0.000656493760372134,62,221009,NaN,25,1,2,113,0
0.0363658700695081,62,221009,NaN,25,1,2,114,0
0.0665230371178517,62,221009,NaN,25,1,2,115,0
0.0906667812406415,62,221009,NaN,25,1,2,116,0
0.110013374497758,62,221009,NaN,25,1,2,117,0
0.11084739570003,62,221009,NaN,25,1,2,118,0
0.10238417441773,62,221009,NaN,25,1,2,119,0
0.0912655090745436,62,221009,NaN,25,1,2,120,0
0.0811001630571324,62,221009,NaN,25,1,2,121,0
0.0611461890784274,62,221009,NaN,25,1,2,122,0
0.0352624390227242,62,221009,NaN,25,1,2,123,0
0.015247429195455,62,221009,NaN,25,1,2,124,0
0.0104597863447239,62,221009,NaN,25,1,2,125,0
0.0181500814413635,62,221009,NaN,25,1,2,126,0
0.0216187173351585,62,221009,NaN,25,1,2,127,0
0.0157795411410331,62,221009,NaN,25,1,2,128,0
0.0124291375718386,62,221009,NaN,25,1,2,129,0
0.018686542456092,62,221009,NaN,25,1,2,130,0
0.040638055542904,62,221009,NaN,25,1,2,131,0
0.0808779933988394,62,221009,NaN,25,1,2,132,0
0.116916299260266,62,221009,NaN,25,1,2,133,0
0.135732265793142,62,221009,NaN,25,1,2,134,0
0.130467226632386,62,221009,NaN,25,1,2,135,0
0.0968335564963568,62,221009,NaN,25,1,2,136,0
0.0526840466951316,62,221009,NaN,25,1,2,137,0
0.0167130186452675,62,221009,NaN,25,1,2,138,0
-0.00979193145552681,62,221009,NaN,25,1,2,139,0
-0.0110386743123865,62,221009,NaN,25,1,2,140,0
0.00524714663173043,62,221009,NaN,25,1,2,141,0
0.020468827566869,62,221009,NaN,25,1,2,142,0
0.0389497825083504,62,221009,NaN,25,1,2,143,0
0.0592555761147089,62,221009,NaN,25,1,2,144,0
0.080314150167329,62,221009,NaN,25,1,2,145,0
0.0962094460291918,62,221009,NaN,25,1,2,146,0
0.105627594160521,62,221009,NaN,25,1,2,147,0
0.103283789725307,62,221009,NaN,25,1,2,148,0
0.0926154090953828,62,221009,NaN,25,1,2,149,0
0.0695121986877384,62,221009,NaN,25,1,2,150,0
0.0484698479454626,62,221009,NaN,25,1,2,151,0
0.0311309171354479,62,221009,NaN,25,1,2,152,0
0.0327593171689615,62,221009,NaN,25,1,2,153,0
0.0545656233435138,62,221009,NaN,25,1,2,154,0
0.0918538067672106,62,221009,NaN,25,1,2,155,0
0.124170592653807,62,221009,NaN,25,1,2,156,0
0.136607720781386,62,221009,NaN,25,1,2,157,0
0.123322609626442,62,221009,NaN,25,1,2,158,0
0.0844510241554657,62,221009,NaN,25,1,2,159,0
0.0360586258359018,62,221009,NaN,25,1,2,160,0
-0.0059326556825452,62,221009,NaN,25,1,2,161,0
-0.0331786554080242,62,221009,NaN,25,1,2,162,0
-0.040169174622072,62,221009,NaN,25,1,2,163,0
-0.0263376991316944,62,221009,NaN,25,1,2,164,0
0.00269339963027371,62,221009,NaN,25,1,2,165,0
0.050392738960345,62,221009,NaN,25,1,2,166,0
0.102389765357533,62,221009,NaN,25,1,2,167,0
0.146737225237333,62,221009,NaN,25,1,2,168,0
0.1716393056853,62,221009,NaN,25,1,2,169,0
0.16962455464199,62,221009,NaN,25,1,2,170,0
0.144786086620083,62,221009,NaN,25,1,2,171,0
0.129247224560472,62,221009,NaN,25,1,2,172,0
0.142587615976218,62,221009,NaN,25,1,2,173,0
0.192514924675503,62,221009,NaN,25,1,2,174,0
0.255359724239101,62,221009,NaN,25,1,2,175,0
0.304465965737983,62,221009,NaN,25,1,2,176,0
0.328132828761902,62,221009,NaN,25,1,2,177,0
0.326386290822998,62,221009,NaN,25,1,2,178,0
0.310171242480074,62,221009,NaN,25,1,2,179,0
0.292724125040343,62,221009,NaN,25,1,2,180,0
0.272621706036623,62,221009,NaN,25,1,2,181,0
0.0136189740884834,63,221007,NaN,2,1,2,100,0
0.0392953025334665,63,221007,NaN,2,1,2,101,0
0.062704730687787,63,221007,NaN,2,1,2,102,0
0.0827470317214826,63,221007,NaN,2,1,2,103,0
0.089940930784995,63,221007,NaN,2,1,2,104,0
0.0872614708880437,63,221007,NaN,2,1,2,105,0
0.0808727411813529,63,221007,NaN,2,1,2,106,0
0.0715149153952482,63,221007,NaN,2,1,2,107,0
0.0583065458362445,63,221007,NaN,2,1,2,108,0
0.044086129178936,63,221007,NaN,2,1,2,109,0
0.0324404967306839,63,221007,NaN,2,1,2,110,0
0.0176208150156981,63,221007,NaN,2,1,2,111,0
0.00902924115735493,63,221007,NaN,2,1,2,112,0
-0.00311151864860493,63,221007,NaN,2,1,2,113,0
-0.0237149175787997,63,221007,NaN,2,1,2,114,0
-0.0517923284983023,63,221007,NaN,2,1,2,115,0
-0.0780805094142297,63,221007,NaN,2,1,2,116,0
-0.0979883199664143,63,221007,NaN,2,1,2,117,0
-0.121425258793642,63,221007,NaN,2,1,2,118,0
-0.144660183700172,63,221007,NaN,2,1,2,119,0
-0.155047314511127,63,221007,NaN,2,1,2,120,0
-0.156977602568413,63,221007,NaN,2,1,2,121,0
-0.151775701718943,63,221007,NaN,2,1,2,122,0
-0.129536360919983,63,221007,NaN,2,1,2,123,0
-0.116186161749562,63,221007,NaN,2,1,2,124,0
-0.115657333641463,63,221007,NaN,2,1,2,125,0
-0.122452950992796,63,221007,NaN,2,1,2,126,0
-0.141452622815078,63,221007,NaN,2,1,2,127,0
-0.158973205593989,63,221007,NaN,2,1,2,128,0
-0.166156794675953,63,221007,NaN,2,1,2,129,0
-0.168404891725913,63,221007,NaN,2,1,2,130,0
-0.160622101859437,63,221007,NaN,2,1,2,131,0
-0.143136272957724,63,221007,NaN,2,1,2,132,0
-0.13011302415353,63,221007,NaN,2,1,2,133,0
-0.11640021881483,63,221007,NaN,2,1,2,134,0
-0.105116033245867,63,221007,NaN,2,1,2,135,0
-0.102434964610752,63,221007,NaN,2,1,2,136,0
-0.101512648678652,63,221007,NaN,2,1,2,137,0
-0.0967817348366153,63,221007,NaN,2,1,2,138,0
-0.0956415279446287,63,221007,NaN,2,1,2,139,0
-0.0861208597584568,63,221007,NaN,2,1,2,140,0
-0.0663321391485054,63,221007,NaN,2,1,2,141,0
-0.0496960925123426,63,221007,NaN,2,1,2,142,0
-0.0426755498301198,63,221007,NaN,2,1,2,143,0
-0.0384156981729404,63,221007,NaN,2,1,2,144,0
-0.0486070468245037,63,221007,NaN,2,1,2,145,0
-0.0659164948338673,63,221007,NaN,2,1,2,146,0
-0.0832108260704515,63,221007,NaN,2,1,2,147,0
-0.111978136963182,63,221007,NaN,2,1,2,148,0
-0.147214256057151,63,221007,NaN,2,1,2,149,0
-0.176612618397338,63,221007,NaN,2,1,2,150,0
-0.20225103385346,63,221007,NaN,2,1,2,151,0
-0.212436755442233,63,221007,NaN,2,1,2,152,0
-0.205543958120254,63,221007,NaN,2,1,2,153,0
-0.191219064917439,63,221007,NaN,2,1,2,154,0
-0.171928292468108,63,221007,NaN,2,1,2,155,0
-0.15012292846425,63,221007,NaN,2,1,2,156,0
-0.132964825886286,63,221007,NaN,2,1,2,157,0
-0.120860795349334,63,221007,NaN,2,1,2,158,0
-0.111178244853826,63,221007,NaN,2,1,2,159,0
-0.0983066861062036,63,221007,NaN,2,1,2,160,0
-0.0837590527522256,63,221007,NaN,2,1,2,161,0
-0.0683010927278958,63,221007,NaN,2,1,2,162,0
-0.0525348925329699,63,221007,NaN,2,1,2,163,0
-0.046180816854273,63,221007,NaN,2,1,2,164,0
-0.0523308991601282,63,221007,NaN,2,1,2,165,0
-0.071447627580724,63,221007,NaN,2,1,2,166,0
-0.0952954816694231,63,221007,NaN,2,1,2,167,0
-0.118234512131487,63,221007,NaN,2,1,2,168,0
-0.135610985610026,63,221007,NaN,2,1,2,169,0
-0.145299458855453,63,221007,NaN,2,1,2,170,0
-0.15296272992269,63,221007,NaN,2,1,2,171,0
-0.166698076304227,63,221007,NaN,2,1,2,172,0
-0.18221061766523,63,221007,NaN,2,1,2,173,0
-0.196144347424768,63,221007,NaN,2,1,2,174,0
-0.208875392125638,63,221007,NaN,2,1,2,175,0
-0.213467958664324,63,221007,NaN,2,1,2,176,0
-0.205076321629717,63,221007,NaN,2,1,2,177,0
-0.192865496759298,63,221007,NaN,2,1,2,178,0
-0.17691322039223,63,221007,NaN,2,1,2,179,0
-0.160226332509359,63,221007,NaN,2,1,2,180,0
-0.1515453440179,63,221007,NaN,2,1,2,181,0
0.036853208060557,63,221007,NaN,30,1,2,100,0
0.0295449694118904,63,221007,NaN,30,1,2,101,0
0.0130503036510785,63,221007,NaN,30,1,2,102,0
-0.00876814816800597,63,221007,NaN,30,1,2,103,0
-0.0203293829656368,63,221007,NaN,30,1,2,104,0
-0.016197464547962,63,221007,NaN,30,1,2,105,0
0.004026950406265,63,221007,NaN,30,1,2,106,0
0.0333221995398184,63,221007,NaN,30,1,2,107,0
0.0618599264970536,63,221007,NaN,30,1,2,108,0
0.085600855352799,63,221007,NaN,30,1,2,109,0
0.0997288083472089,63,221007,NaN,30,1,2,110,0
0.104811077512889,63,221007,NaN,30,1,2,111,0
0.0931026254984234,63,221007,NaN,30,1,2,112,0
0.0617820603460038,63,221007,NaN,30,1,2,113,0
0.0202617509371562,63,221007,NaN,30,1,2,114,0
-0.0253694260585325,63,221007,NaN,30,1,2,115,0
-0.0762873541395401,63,221007,NaN,30,1,2,116,0
-0.120415948585988,63,221007,NaN,30,1,2,117,0
-0.138453712281917,63,221007,NaN,30,1,2,118,0
-0.124444232363779,63,221007,NaN,30,1,2,119,0
-0.0768258583892218,63,221007,NaN,30,1,2,120,0
-0.00259460014776824,63,221007,NaN,30,1,2,121,0
0.0744649836032709,63,221007,NaN,30,1,2,122,0
0.121232354946633,63,221007,NaN,30,1,2,123,0
0.134389950041475,63,221007,NaN,30,1,2,124,0
0.112229426170858,63,221007,NaN,30,1,2,125,0
0.0534973859135855,63,221007,NaN,30,1,2,126,0
-0.0214684423023831,63,221007,NaN,30,1,2,127,0
-0.0854749586932315,63,221007,NaN,30,1,2,128,0
-0.117554367274691,63,221007,NaN,30,1,2,129,0
-0.11545524474399,63,221007,NaN,30,1,2,130,0
-0.100115018315974,63,221007,NaN,30,1,2,131,0
-0.0852968954725318,63,221007,NaN,30,1,2,132,0
-0.0809529045467512,63,221007,NaN,30,1,2,133,0
-0.095680888334863,63,221007,NaN,30,1,2,134,0
-0.118833148051677,63,221007,NaN,30,1,2,135,0
-0.132225059255497,63,221007,NaN,30,1,2,136,0
-0.139264830445332,63,221007,NaN,30,1,2,137,0
-0.134361953620092,63,221007,NaN,30,1,2,138,0
-0.125779885121756,63,221007,NaN,30,1,2,139,0
-0.124031115173158,63,221007,NaN,30,1,2,140,0
-0.124626761799542,63,221007,NaN,30,1,2,141,0
-0.114830551249787,63,221007,NaN,30,1,2,142,0
-0.104356687260368,63,221007,NaN,30,1,2,143,0
-0.0849993922129957,63,221007,NaN,30,1,2,144,0
-0.059090222396897,63,221007,NaN,30,1,2,145,0
-0.0419654662921154,63,221007,NaN,30,1,2,146,0
-0.0344923033579592,63,221007,NaN,30,1,2,147,0
-0.0232360316171755,63,221007,NaN,30,1,2,148,0
-0.00830876439250994,63,221007,NaN,30,1,2,149,0
0.0110307083829509,63,221007,NaN,30,1,2,150,0
0.0221147399751241,63,221007,NaN,30,1,2,151,0
0.0237411333574055,63,221007,NaN,30,1,2,152,0
0.00950312749759763,63,221007,NaN,30,1,2,153,0
-0.0165539115889601,63,221007,NaN,30,1,2,154,0
-0.047480388023759,63,221007,NaN,30,1,2,155,0
-0.0664055534368042,63,221007,NaN,30,1,2,156,0
-0.0815954482538581,63,221007,NaN,30,1,2,157,0
-0.0913177813948648,63,221007,NaN,30,1,2,158,0
-0.108370348960355,63,221007,NaN,30,1,2,159,0
-0.124607944419896,63,221007,NaN,30,1,2,160,0
-0.1357597439172,63,221007,NaN,30,1,2,161,0
-0.143966286286353,63,221007,NaN,30,1,2,162,0
-0.14226231146149,63,221007,NaN,30,1,2,163,0
-0.128172505571821,63,221007,NaN,30,1,2,164,0
-0.105729576693732,63,221007,NaN,30,1,2,165,0
-0.0838985421907305,63,221007,NaN,30,1,2,166,0
-0.0653394554974809,63,221007,NaN,30,1,2,167,0
-0.0496942006579134,63,221007,NaN,30,1,2,168,0
-0.0435534700315645,63,221007,NaN,30,1,2,169,0
-0.0470665229435436,63,221007,NaN,30,1,2,170,0
-0.0517783922090337,63,221007,NaN,30,1,2,171,0
-0.0503075158866846,63,221007,NaN,30,1,2,172,0
-0.0391044003836976,63,221007,NaN,30,1,2,173,0
-0.0230117856714324,63,221007,NaN,30,1,2,174,0
0.00801880181533088,63,221007,NaN,30,1,2,175,0
0.0393255922589415,63,221007,NaN,30,1,2,176,0
0.0583376266116531,63,221007,NaN,30,1,2,177,0
0.052390879711349,63,221007,NaN,30,1,2,178,0
0.0278514046421038,63,221007,NaN,30,1,2,179,0
0.000874386425670504,63,221007,NaN,30,1,2,180,0
-0.0138938031389836,63,221007,NaN,30,1,2,181,0
-0.0392773169333513,63,221008,NaN,18,1,2,100,0
-0.0119346492047648,63,221008,NaN,18,1,2,101,0
0.0210135668811854,63,221008,NaN,18,1,2,102,0
0.0573989131104002,63,221008,NaN,18,1,2,103,0
0.0771029474732473,63,221008,NaN,18,1,2,104,0
0.0818240943120448,63,221008,NaN,18,1,2,105,0
0.0625832958743526,63,221008,NaN,18,1,2,106,0
0.0342256740432149,63,221008,NaN,18,1,2,107,0
0.0139820907006182,63,221008,NaN,18,1,2,108,0
-0.000909757626960106,63,221008,NaN,18,1,2,109,0
-0.00646734931421822,63,221008,NaN,18,1,2,110,0
-0.0121083589263578,63,221008,NaN,18,1,2,111,0
-0.0136218650663343,63,221008,NaN,18,1,2,112,0
-0.0151160432651632,63,221008,NaN,18,1,2,113,0
-0.0117531344611007,63,221008,NaN,18,1,2,114,0
-0.0181929392645243,63,221008,NaN,18,1,2,115,0
-0.031635407874696,63,221008,NaN,18,1,2,116,0
-0.0503957529393176,63,221008,NaN,18,1,2,117,0
-0.062574108684349,63,221008,NaN,18,1,2,118,0
-0.0621288155746191,63,221008,NaN,18,1,2,119,0
-0.0512924001926591,63,221008,NaN,18,1,2,120,0
-0.0279752024757965,63,221008,NaN,18,1,2,121,0
-0.00599017258755308,63,221008,NaN,18,1,2,122,0
0.0151343086921687,63,221008,NaN,18,1,2,123,0
0.0251863878653384,63,221008,NaN,18,1,2,124,0
0.0229245953519897,63,221008,NaN,18,1,2,125,0
0.00341333485292761,63,221008,NaN,18,1,2,126,0
-0.0329015122050165,63,221008,NaN,18,1,2,127,0
-0.073424244022547,63,221008,NaN,18,1,2,128,0
-0.101466774227759,63,221008,NaN,18,1,2,129,0
-0.118543121060685,63,221008,NaN,18,1,2,130,0
-0.129736183059778,63,221008,NaN,18,1,2,131,0
-0.141251173602502,63,221008,NaN,18,1,2,132,0
-0.155053307638528,63,221008,NaN,18,1,2,133,0
-0.16163762107473,63,221008,NaN,18,1,2,134,0
-0.1551295606539,63,221008,NaN,18,1,2,135,0
-0.143804699577841,63,221008,NaN,18,1,2,136,0
-0.132095085645799,63,221008,NaN,18,1,2,137,0
-0.124947471574193,63,221008,NaN,18,1,2,138,0
-0.124041964041668,63,221008,NaN,18,1,2,139,0
-0.122765417658201,63,221008,NaN,18,1,2,140,0
-0.120344148406013,63,221008,NaN,18,1,2,141,0
-0.117740722181491,63,221008,NaN,18,1,2,142,0
-0.116046076955803,63,221008,NaN,18,1,2,143,0
-0.119615537093365,63,221008,NaN,18,1,2,144,0
-0.13558096247271,63,221008,NaN,18,1,2,145,0
-0.158076851213902,63,221008,NaN,18,1,2,146,0
-0.18419127110293,63,221008,NaN,18,1,2,147,0
-0.200122121738672,63,221008,NaN,18,1,2,148,0
-0.201960503458365,63,221008,NaN,18,1,2,149,0
-0.192196576434647,63,221008,NaN,18,1,2,150,0
-0.17014196584034,63,221008,NaN,18,1,2,151,0
-0.1447398901677,63,221008,NaN,18,1,2,152,0
-0.122967115448272,63,221008,NaN,18,1,2,153,0
-0.10651228124708,63,221008,NaN,18,1,2,154,0
-0.0898225282529521,63,221008,NaN,18,1,2,155,0
-0.0731634453072475,63,221008,NaN,18,1,2,156,0
-0.0580157375574846,63,221008,NaN,18,1,2,157,0
-0.0499503056975765,63,221008,NaN,18,1,2,158,0
-0.0505286619603866,63,221008,NaN,18,1,2,159,0
-0.0651685635837564,63,221008,NaN,18,1,2,160,0
-0.082672105671441,63,221008,NaN,18,1,2,161,0
-0.101507992378618,63,221008,NaN,18,1,2,162,0
-0.118599065427354,63,221008,NaN,18,1,2,163,0
-0.12262051757193,63,221008,NaN,18,1,2,164,0
-0.117676834298297,63,221008,NaN,18,1,2,165,0
-0.107750406809238,63,221008,NaN,18,1,2,166,0
-0.104158010789046,63,221008,NaN,18,1,2,167,0
-0.11049786919615,63,221008,NaN,18,1,2,168,0
-0.125594985146677,63,221008,NaN,18,1,2,169,0
-0.137271550717815,63,221008,NaN,18,1,2,170,0
-0.146229495153151,63,221008,NaN,18,1,2,171,0
-0.145299557289519,63,221008,NaN,18,1,2,172,0
-0.139982159832191,63,221008,NaN,18,1,2,173,0
-0.132290641263852,63,221008,NaN,18,1,2,174,0
-0.126063918866528,63,221008,NaN,18,1,2,175,0
-0.126248306515572,63,221008,NaN,18,1,2,176,0
-0.124672722090219,63,221008,NaN,18,1,2,177,0
-0.125598805382039,63,221008,NaN,18,1,2,178,0
-0.124970422229172,63,221008,NaN,18,1,2,179,0
-0.119265341167242,63,221008,NaN,18,1,2,180,0
-0.112024231272344,63,221008,NaN,18,1,2,181,0
0.0298881932513805,63,221009,NaN,71,1,2,100,0
0.0572908301198892,63,221009,NaN,71,1,2,101,0
0.0662610422590847,63,221009,NaN,71,1,2,102,0
0.0565493936659881,63,221009,NaN,71,1,2,103,0
0.0429238002078196,63,221009,NaN,71,1,2,104,0
0.0245676806179972,63,221009,NaN,71,1,2,105,0
0.00516189916952359,63,221009,NaN,71,1,2,106,0
-0.00445000807510809,63,221009,NaN,71,1,2,107,0
-0.00583797202648251,63,221009,NaN,71,1,2,108,0
0.001960418391311,63,221009,NaN,71,1,2,109,0
0.00515013578563839,63,221009,NaN,71,1,2,110,0
-0.00511912817414173,63,221009,NaN,71,1,2,111,0
-0.0176350343123219,63,221009,NaN,71,1,2,112,0
-0.0307253731581991,63,221009,NaN,71,1,2,113,0
-0.036567274659919,63,221009,NaN,71,1,2,114,0
-0.0344233436037109,63,221009,NaN,71,1,2,115,0
-0.0258303771599145,63,221009,NaN,71,1,2,116,0
-0.0216783690422454,63,221009,NaN,71,1,2,117,0
-0.0268627403100551,63,221009,NaN,71,1,2,118,0
-0.0262804602035694,63,221009,NaN,71,1,2,119,0
-0.0244551194915839,63,221009,NaN,71,1,2,120,0
-0.026981685271702,63,221009,NaN,71,1,2,121,0
-0.0285605503709022,63,221009,NaN,71,1,2,122,0
-0.0321479852215188,63,221009,NaN,71,1,2,123,0
-0.0456501425374104,63,221009,NaN,71,1,2,124,0
-0.0677243684459873,63,221009,NaN,71,1,2,125,0
-0.100200843350265,63,221009,NaN,71,1,2,126,0
-0.129562062804035,63,221009,NaN,71,1,2,127,0
-0.14446936923423,63,221009,NaN,71,1,2,128,0
-0.15206291498218,63,221009,NaN,71,1,2,129,0
-0.157030200845625,63,221009,NaN,71,1,2,130,0
-0.166754324761867,63,221009,NaN,71,1,2,131,0
-0.192682622665635,63,221009,NaN,71,1,2,132,0
-0.222318443726655,63,221009,NaN,71,1,2,133,0
-0.24038200006013,63,221009,NaN,71,1,2,134,0
-0.244305150783133,63,221009,NaN,71,1,2,135,0
-0.226073158677716,63,221009,NaN,71,1,2,136,0
-0.195469345483403,63,221009,NaN,71,1,2,137,0
-0.172713685091352,63,221009,NaN,71,1,2,138,0
-0.168553202030098,63,221009,NaN,71,1,2,139,0
-0.174802664116556,63,221009,NaN,71,1,2,140,0
-0.185770564275994,63,221009,NaN,71,1,2,141,0
-0.189298527619709,63,221009,NaN,71,1,2,142,0
-0.181305773260462,63,221009,NaN,71,1,2,143,0
-0.162230055626038,63,221009,NaN,71,1,2,144,0
-0.141410231450616,63,221009,NaN,71,1,2,145,0
-0.122927559892473,63,221009,NaN,71,1,2,146,0
-0.115599197336409,63,221009,NaN,71,1,2,147,0
-0.118015909865854,63,221009,NaN,71,1,2,148,0
-0.120081567333149,63,221009,NaN,71,1,2,149,0
-0.108215600530911,63,221009,NaN,71,1,2,150,0
-0.0862321168930849,63,221009,NaN,71,1,2,151,0
-0.0618408202692516,63,221009,NaN,71,1,2,152,0
-0.0512108245764386,63,221009,NaN,71,1,2,153,0
-0.0467601931608385,63,221009,NaN,71,1,2,154,0
-0.0545593207385074,63,221009,NaN,71,1,2,155,0
-0.0780293677563753,63,221009,NaN,71,1,2,156,0
-0.104117065352925,63,221009,NaN,71,1,2,157,0
-0.121827848795421,63,221009,NaN,71,1,2,158,0
-0.128956347714859,63,221009,NaN,71,1,2,159,0
-0.123200275852827,63,221009,NaN,71,1,2,160,0
-0.0976421714619675,63,221009,NaN,71,1,2,161,0
-0.0753728165201274,63,221009,NaN,71,1,2,162,0
-0.0614037000671558,63,221009,NaN,71,1,2,163,0
-0.061687764480956,63,221009,NaN,71,1,2,164,0
-0.0788917202348131,63,221009,NaN,71,1,2,165,0
-0.102218209081719,63,221009,NaN,71,1,2,166,0
-0.121809126753965,63,221009,NaN,71,1,2,167,0
-0.145419089857051,63,221009,NaN,71,1,2,168,0
-0.166458433511548,63,221009,NaN,71,1,2,169,0
-0.19293355647206,63,221009,NaN,71,1,2,170,0
-0.219484632902375,63,221009,NaN,71,1,2,171,0
-0.236132797368818,63,221009,NaN,71,1,2,172,0
-0.240016445619856,63,221009,NaN,71,1,2,173,0
-0.231920569184653,63,221009,NaN,71,1,2,174,0
-0.21207370665378,63,221009,NaN,71,1,2,175,0
-0.197653485959758,63,221009,NaN,71,1,2,176,0
-0.189193422490661,63,221009,NaN,71,1,2,177,0
-0.188100550128916,63,221009,NaN,71,1,2,178,0
-0.192049676346725,63,221009,NaN,71,1,2,179,0
-0.201569044025807,63,221009,NaN,71,1,2,180,0
-0.21349619331824,63,221009,NaN,71,1,2,181,0
