DataY,AnimalID,RecDate,NovelDay,CellID,CellType,Environ,PosBin,StimCond
0,57,220329,1,76,5,1,1,0
0,57,220329,1,76,5,1,2,0
0.68259385665529,57,220329,1,76,5,1,3,0
3.41296928327645,57,220329,1,76,5,1,4,0
4.77815699658703,57,220329,1,76,5,1,5,0
-1.70648464163823,57,220329,1,76,5,1,6,0
1.02389078498294,57,220329,1,76,5,1,7,0
3.0716723549488,57,220329,1,76,5,1,8,0
-0.68259385665529,57,220329,1,76,5,1,9,0
-3.07167235494881,57,220329,1,76,5,1,10,0
0.341296928327645,57,220329,1,76,5,1,11,0
0,57,220329,1,76,5,1,12,0
-3.41296928327645,57,220329,1,76,5,1,13,0
4.09556313993174,57,220329,1,76,5,1,14,0
1.70648464163822,57,220329,1,76,5,1,15,0
-3.41296928327645,57,220329,1,76,5,1,16,0
4.09556313993174,57,220329,1,76,5,1,17,0
0.341296928327645,57,220329,1,76,5,1,18,0
-0.341296928327645,57,220329,1,76,5,1,19,0
-0.341296928327645,57,220329,1,76,5,1,20,0
96.5870307167236,57,220329,1,76,5,1,21,1
68.6006825938567,57,220329,1,76,5,1,22,1
55.6313993174061,57,220329,1,76,5,1,23,1
54.9488054607509,57,220329,1,76,5,1,24,1
52.2184300341297,57,220329,1,76,5,1,25,1
47.4402730375427,57,220329,1,76,5,1,26,1
49.4880546075085,57,220329,1,76,5,1,27,1
44.7098976109215,57,220329,1,76,5,1,28,1
45.0511945392491,57,220329,1,76,5,1,29,1
48.4641638225256,57,220329,1,76,5,1,30,1
44.7098976109215,57,220329,1,76,5,1,31,1
48.4641638225256,57,220329,1,76,5,1,32,1
48.122866894198,57,220329,1,76,5,1,33,1
41.9795221843003,57,220329,1,76,5,1,34,1
47.098976109215,57,220329,1,76,5,1,35,1
43.3447098976109,57,220329,1,76,5,1,36,1
45.7337883959044,57,220329,1,76,5,1,37,1
44.7098976109215,57,220329,1,76,5,1,38,1
46.4163822525597,57,220329,1,76,5,1,39,1
47.7815699658703,57,220329,1,76,5,1,40,1
-1.05633802816901,57,220329,1,85,5,1,1,0
1.05633802816901,57,220329,1,85,5,1,2,0
0.352112676056338,57,220329,1,85,5,1,3,0
3.16901408450704,57,220329,1,85,5,1,4,0
2.46478873239437,57,220329,1,85,5,1,5,0
-1.05633802816901,57,220329,1,85,5,1,6,0
0.352112676056338,57,220329,1,85,5,1,7,0
-0.352112676056338,57,220329,1,85,5,1,8,0
-2.46478873239437,57,220329,1,85,5,1,9,0
-2.46478873239437,57,220329,1,85,5,1,10,0
-2.46478873239437,57,220329,1,85,5,1,11,0
3.16901408450704,57,220329,1,85,5,1,12,0
1.05633802816901,57,220329,1,85,5,1,13,0
0.352112676056338,57,220329,1,85,5,1,14,0
3.87323943661972,57,220329,1,85,5,1,15,0
-0.352112676056338,57,220329,1,85,5,1,16,0
-1.76056338028169,57,220329,1,85,5,1,17,0
0.352112676056338,57,220329,1,85,5,1,18,0
1.05633802816901,57,220329,1,85,5,1,19,0
4.57746478873239,57,220329,1,85,5,1,20,0
97.5352112676056,57,220329,1,85,5,1,21,1
65.1408450704225,57,220329,1,85,5,1,22,1
42.6056338028169,57,220329,1,85,5,1,23,1
49.6478873239437,57,220329,1,85,5,1,24,1
40.4929577464789,57,220329,1,85,5,1,25,1
44.0140845070422,57,220329,1,85,5,1,26,1
44.7183098591549,57,220329,1,85,5,1,27,1
29.2253521126761,57,220329,1,85,5,1,28,1
33.4507042253521,57,220329,1,85,5,1,29,1
41.9014084507042,57,220329,1,85,5,1,30,1
35.5633802816901,57,220329,1,85,5,1,31,1
42.6056338028169,57,220329,1,85,5,1,32,1
41.9014084507042,57,220329,1,85,5,1,33,1
32.0422535211268,57,220329,1,85,5,1,34,1
39.7887323943662,57,220329,1,85,5,1,35,1
35.5633802816901,57,220329,1,85,5,1,36,1
41.9014084507042,57,220329,1,85,5,1,37,1
38.3802816901408,57,220329,1,85,5,1,38,1
42.6056338028169,57,220329,1,85,5,1,39,1
39.0845070422535,57,220329,1,85,5,1,40,1
1.70068027210884,57,220330,2,31,5,1,1,0
-1.70068027210884,57,220330,2,31,5,1,2,0
3.06122448979592,57,220330,2,31,5,1,3,0
3.74149659863945,57,220330,2,31,5,1,4,0
-5.78231292517007,57,220330,2,31,5,1,5,0
7.82312925170068,57,220330,2,31,5,1,6,0
3.06122448979592,57,220330,2,31,5,1,7,0
3.06122448979592,57,220330,2,31,5,1,8,0
13.265306122449,57,220330,2,31,5,1,9,0
-2.38095238095238,57,220330,2,31,5,1,10,0
7.14285714285715,57,220330,2,31,5,1,11,0
5.10204081632653,57,220330,2,31,5,1,12,0
8.50340136054422,57,220330,2,31,5,1,13,0
13.265306122449,57,220330,2,31,5,1,14,0
12.5850340136054,57,220330,2,31,5,1,15,0
9.18367346938776,57,220330,2,31,5,1,16,0
10.5442176870748,57,220330,2,31,5,1,17,0
5.78231292517007,57,220330,2,31,5,1,18,0
12.5850340136054,57,220330,2,31,5,1,19,0
1.02040816326531,57,220330,2,31,5,1,20,0
94.2176870748299,57,220330,2,31,5,1,21,1
75.8503401360544,57,220330,2,31,5,1,22,1
54.0816326530612,57,220330,2,31,5,1,23,1
54.7619047619048,57,220330,2,31,5,1,24,1
56.1224489795918,57,220330,2,31,5,1,25,1
41.156462585034,57,220330,2,31,5,1,26,1
41.156462585034,57,220330,2,31,5,1,27,1
41.8367346938776,57,220330,2,31,5,1,28,1
37.0748299319728,57,220330,2,31,5,1,29,1
35.0340136054422,57,220330,2,31,5,1,30,1
35.7142857142857,57,220330,2,31,5,1,31,1
28.2312925170068,57,220330,2,31,5,1,32,1
33.6734693877551,57,220330,2,31,5,1,33,1
29.5918367346939,57,220330,2,31,5,1,34,1
28.2312925170068,57,220330,2,31,5,1,35,1
34.3537414965986,57,220330,2,31,5,1,36,1
32.9931972789116,57,220330,2,31,5,1,37,1
30.952380952381,57,220330,2,31,5,1,38,1
31.6326530612245,57,220330,2,31,5,1,39,1
29.5918367346939,57,220330,2,31,5,1,40,1
0.660377358490566,57,220330,2,74,5,1,1,0
-0.660377358490566,57,220330,2,74,5,1,2,0
2.16981132075472,57,220330,2,74,5,1,3,0
2.35849056603773,57,220330,2,74,5,1,4,0
-0.0943396226415099,57,220330,2,74,5,1,5,0
3.67924528301887,57,220330,2,74,5,1,6,0
0.471698113207547,57,220330,2,74,5,1,7,0
2.73584905660377,57,220330,2,74,5,1,8,0
5.75471698113208,57,220330,2,74,5,1,9,0
0.0943396226415091,57,220330,2,74,5,1,10,0
-0.0943396226415099,57,220330,2,74,5,1,11,0
2.92452830188679,57,220330,2,74,5,1,12,0
1.22641509433962,57,220330,2,74,5,1,13,0
1.22641509433962,57,220330,2,74,5,1,14,0
2.35849056603773,57,220330,2,74,5,1,15,0
0.0943396226415091,57,220330,2,74,5,1,16,0
1.60377358490566,57,220330,2,74,5,1,17,0
-0.471698113207547,57,220330,2,74,5,1,18,0
1.9811320754717,57,220330,2,74,5,1,19,0
-1.0377358490566,57,220330,2,74,5,1,20,0
98.9622641509434,57,220330,2,74,5,1,21,1
87.0754716981132,57,220330,2,74,5,1,22,1
67.8301886792453,57,220330,2,74,5,1,23,1
62.7358490566038,57,220330,2,74,5,1,24,1
55,57,220330,2,74,5,1,25,1
49.9056603773585,57,220330,2,74,5,1,26,1
50.6603773584905,57,220330,2,74,5,1,27,1
48.7735849056604,57,220330,2,74,5,1,28,1
44.2452830188679,57,220330,2,74,5,1,29,1
45.7547169811321,57,220330,2,74,5,1,30,1
44.0566037735849,57,220330,2,74,5,1,31,1
40.4716981132075,57,220330,2,74,5,1,32,1
45,57,220330,2,74,5,1,33,1
38.9622641509434,57,220330,2,74,5,1,34,1
44.0566037735849,57,220330,2,74,5,1,35,1
41.6037735849057,57,220330,2,74,5,1,36,1
41.2264150943396,57,220330,2,74,5,1,37,1
41.6037735849057,57,220330,2,74,5,1,38,1
42.1698113207547,57,220330,2,74,5,1,39,1
40.8490566037736,57,220330,2,74,5,1,40,1
0.505050505050504,57,220331,3,67,5,1,1,0
-0.505050505050504,57,220331,3,67,5,1,2,0
2.52525252525252,57,220331,3,67,5,1,3,0
3.53535353535353,57,220331,3,67,5,1,4,0
-7.57575757575758,57,220331,3,67,5,1,5,0
3.53535353535353,57,220331,3,67,5,1,6,0
7.57575757575758,57,220331,3,67,5,1,7,0
-3.53535353535354,57,220331,3,67,5,1,8,0
-7.57575757575758,57,220331,3,67,5,1,9,0
1.51515151515151,57,220331,3,67,5,1,10,0
-3.53535353535354,57,220331,3,67,5,1,11,0
-8.58585858585859,57,220331,3,67,5,1,12,0
6.56565656565656,57,220331,3,67,5,1,13,0
-1.51515151515152,57,220331,3,67,5,1,14,0
2.52525252525252,57,220331,3,67,5,1,15,0
1.51515151515151,57,220331,3,67,5,1,16,0
1.51515151515151,57,220331,3,67,5,1,17,0
-10.6060606060606,57,220331,3,67,5,1,18,0
0.505050505050504,57,220331,3,67,5,1,19,0
-0.505050505050504,57,220331,3,67,5,1,20,0
89.3939393939394,57,220331,3,67,5,1,21,1
67.1717171717172,57,220331,3,67,5,1,22,1
59.0909090909091,57,220331,3,67,5,1,23,1
63.1313131313131,57,220331,3,67,5,1,24,1
46.969696969697,57,220331,3,67,5,1,25,1
55.0505050505051,57,220331,3,67,5,1,26,1
57.0707070707071,57,220331,3,67,5,1,27,1
56.060606060606,57,220331,3,67,5,1,28,1
50,57,220331,3,67,5,1,29,1
57.0707070707071,57,220331,3,67,5,1,30,1
54.040404040404,57,220331,3,67,5,1,31,1
59.0909090909091,57,220331,3,67,5,1,32,1
48.989898989899,57,220331,3,67,5,1,33,1
51.010101010101,57,220331,3,67,5,1,34,1
59.0909090909091,57,220331,3,67,5,1,35,1
54.040404040404,57,220331,3,67,5,1,36,1
58.0808080808081,57,220331,3,67,5,1,37,1
52.020202020202,57,220331,3,67,5,1,38,1
54.040404040404,57,220331,3,67,5,1,39,1
48.989898989899,57,220331,3,67,5,1,40,1
5.61797752808989,57,220331,3,70,5,1,1,0
-5.61797752808989,57,220331,3,70,5,1,2,0
7.86516853932584,57,220331,3,70,5,1,3,0
5.61797752808989,57,220331,3,70,5,1,4,0
0,57,220331,3,70,5,1,5,0
1.12359550561798,57,220331,3,70,5,1,6,0
6.74157303370786,57,220331,3,70,5,1,7,0
-6.74157303370786,57,220331,3,70,5,1,8,0
-1.12359550561798,57,220331,3,70,5,1,9,0
2.24719101123595,57,220331,3,70,5,1,10,0
-2.24719101123595,57,220331,3,70,5,1,11,0
0,57,220331,3,70,5,1,12,0
-6.74157303370786,57,220331,3,70,5,1,13,0
-4.49438202247191,57,220331,3,70,5,1,14,0
-2.24719101123595,57,220331,3,70,5,1,15,0
-2.24719101123595,57,220331,3,70,5,1,16,0
-4.49438202247191,57,220331,3,70,5,1,17,0
-1.12359550561798,57,220331,3,70,5,1,18,0
-5.61797752808989,57,220331,3,70,5,1,19,0
-4.49438202247191,57,220331,3,70,5,1,20,0
93.2584269662921,57,220331,3,70,5,1,21,1
56.1797752808989,57,220331,3,70,5,1,22,1
50.561797752809,57,220331,3,70,5,1,23,1
44.9438202247191,57,220331,3,70,5,1,24,1
33.7078651685393,57,220331,3,70,5,1,25,1
49.438202247191,57,220331,3,70,5,1,26,1
44.9438202247191,57,220331,3,70,5,1,27,1
24.7191011235955,57,220331,3,70,5,1,28,1
40.4494382022472,57,220331,3,70,5,1,29,1
38.2022471910112,57,220331,3,70,5,1,30,1
33.7078651685393,57,220331,3,70,5,1,31,1
31.4606741573034,57,220331,3,70,5,1,32,1
39.3258426966292,57,220331,3,70,5,1,33,1
26.9662921348315,57,220331,3,70,5,1,34,1
39.3258426966292,57,220331,3,70,5,1,35,1
30.3370786516854,57,220331,3,70,5,1,36,1
26.9662921348315,57,220331,3,70,5,1,37,1
42.6966292134831,57,220331,3,70,5,1,38,1
28.0898876404494,57,220331,3,70,5,1,39,1
32.5842696629214,57,220331,3,70,5,1,40,1
5.14705882352941,57,220403,1,66,5,1,1,0
-5.14705882352941,57,220403,1,66,5,1,2,0
8.08823529411765,57,220403,1,66,5,1,3,0
6.61764705882353,57,220403,1,66,5,1,4,0
-2.94117647058824,57,220403,1,66,5,1,5,0
-1.47058823529412,57,220403,1,66,5,1,6,0
2.20588235294117,57,220403,1,66,5,1,7,0
-4.41176470588235,57,220403,1,66,5,1,8,0
0.735294117647058,57,220403,1,66,5,1,9,0
2.94117647058823,57,220403,1,66,5,1,10,0
-5.88235294117647,57,220403,1,66,5,1,11,0
5.88235294117647,57,220403,1,66,5,1,12,0
2.94117647058823,57,220403,1,66,5,1,13,0
-0.73529411764706,57,220403,1,66,5,1,14,0
-1.47058823529412,57,220403,1,66,5,1,15,0
5.88235294117647,57,220403,1,66,5,1,16,0
-2.94117647058824,57,220403,1,66,5,1,17,0
-1.47058823529412,57,220403,1,66,5,1,18,0
-6.93889390390723e-16,57,220403,1,66,5,1,19,0
-1.47058823529412,57,220403,1,66,5,1,20,0
94.1176470588235,57,220403,1,66,5,1,21,1
46.3235294117647,57,220403,1,66,5,1,22,1
37.5,57,220403,1,66,5,1,23,1
45.5882352941176,57,220403,1,66,5,1,24,1
44.1176470588235,57,220403,1,66,5,1,25,1
36.0294117647059,57,220403,1,66,5,1,26,1
35.2941176470588,57,220403,1,66,5,1,27,1
41.1764705882353,57,220403,1,66,5,1,28,1
30.1470588235294,57,220403,1,66,5,1,29,1
34.5588235294118,57,220403,1,66,5,1,30,1
35.2941176470588,57,220403,1,66,5,1,31,1
26.4705882352941,57,220403,1,66,5,1,32,1
38.9705882352941,57,220403,1,66,5,1,33,1
35.2941176470588,57,220403,1,66,5,1,34,1
33.0882352941176,57,220403,1,66,5,1,35,1
37.5,57,220403,1,66,5,1,36,1
31.6176470588235,57,220403,1,66,5,1,37,1
37.5,57,220403,1,66,5,1,38,1
39.7058823529412,57,220403,1,66,5,1,39,1
32.3529411764706,57,220403,1,66,5,1,40,1
16.6666666666667,57,220404,2,21,5,1,1,0
-16.6666666666667,57,220404,2,21,5,1,2,0
-7.57575757575757,57,220404,2,21,5,1,3,0
4.54545454545454,57,220404,2,21,5,1,4,0
-4.54545454545454,57,220404,2,21,5,1,5,0
7.57575757575758,57,220404,2,21,5,1,6,0
9.09090909090909,57,220404,2,21,5,1,7,0
3.03030303030304,57,220404,2,21,5,1,8,0
1.11022302462516e-14,57,220404,2,21,5,1,9,0
-4.54545454545454,57,220404,2,21,5,1,10,0
1.51515151515152,57,220404,2,21,5,1,11,0
6.06060606060606,57,220404,2,21,5,1,12,0
-9.09090909090909,57,220404,2,21,5,1,13,0
-6.06060606060606,57,220404,2,21,5,1,14,0
-7.57575757575757,57,220404,2,21,5,1,15,0
1.11022302462516e-14,57,220404,2,21,5,1,16,0
1.11022302462516e-14,57,220404,2,21,5,1,17,0
18.1818181818182,57,220404,2,21,5,1,18,0
6.06060606060606,57,220404,2,21,5,1,19,0
7.57575757575758,57,220404,2,21,5,1,20,0
83.3333333333333,57,220404,2,21,5,1,21,1
63.6363636363636,57,220404,2,21,5,1,22,1
50,57,220404,2,21,5,1,23,1
51.5151515151515,57,220404,2,21,5,1,24,1
57.5757575757576,57,220404,2,21,5,1,25,1
42.4242424242424,57,220404,2,21,5,1,26,1
54.5454545454546,57,220404,2,21,5,1,27,1
68.1818181818182,57,220404,2,21,5,1,28,1
42.4242424242424,57,220404,2,21,5,1,29,1
60.6060606060606,57,220404,2,21,5,1,30,1
81.8181818181818,57,220404,2,21,5,1,31,1
36.3636363636364,57,220404,2,21,5,1,32,1
66.6666666666667,57,220404,2,21,5,1,33,1
63.6363636363636,57,220404,2,21,5,1,34,1
54.5454545454546,57,220404,2,21,5,1,35,1
75.7575757575758,57,220404,2,21,5,1,36,1
59.0909090909091,57,220404,2,21,5,1,37,1
34.8484848484849,57,220404,2,21,5,1,38,1
77.2727272727273,57,220404,2,21,5,1,39,1
40.9090909090909,57,220404,2,21,5,1,40,1
-1.25,61,220907,2,0,5,1,1,0
1.25,61,220907,2,0,5,1,2,0
-1.25,61,220907,2,0,5,1,3,0
16.25,61,220907,2,0,5,1,4,0
1.25,61,220907,2,0,5,1,5,0
-1.25,61,220907,2,0,5,1,6,0
-1.25,61,220907,2,0,5,1,7,0
-3.75,61,220907,2,0,5,1,8,0
-1.25,61,220907,2,0,5,1,9,0
8.75,61,220907,2,0,5,1,10,0
-1.25,61,220907,2,0,5,1,11,0
-6.25,61,220907,2,0,5,1,12,0
3.75,61,220907,2,0,5,1,13,0
-1.25,61,220907,2,0,5,1,14,0
-6.25,61,220907,2,0,5,1,15,0
-1.25,61,220907,2,0,5,1,16,0
8.75,61,220907,2,0,5,1,17,0
-3.75,61,220907,2,0,5,1,18,0
-1.25,61,220907,2,0,5,1,19,0
16.25,61,220907,2,0,5,1,20,0
93.75,61,220907,2,0,5,1,21,1
76.25,61,220907,2,0,5,1,22,1
86.25,61,220907,2,0,5,1,23,1
73.75,61,220907,2,0,5,1,24,1
56.25,61,220907,2,0,5,1,25,1
46.25,61,220907,2,0,5,1,26,1
56.25,61,220907,2,0,5,1,27,1
61.25,61,220907,2,0,5,1,28,1
38.75,61,220907,2,0,5,1,29,1
81.25,61,220907,2,0,5,1,30,1
66.25,61,220907,2,0,5,1,31,1
61.25,61,220907,2,0,5,1,32,1
78.75,61,220907,2,0,5,1,33,1
71.25,61,220907,2,0,5,1,34,1
58.75,61,220907,2,0,5,1,35,1
78.75,61,220907,2,0,5,1,36,1
56.25,61,220907,2,0,5,1,37,1
66.25,61,220907,2,0,5,1,38,1
46.25,61,220907,2,0,5,1,39,1
58.75,61,220907,2,0,5,1,40,1
0.624999999999998,61,220907,2,30,5,1,1,0
-0.625000000000001,61,220907,2,30,5,1,2,0
-0.625000000000001,61,220907,2,30,5,1,3,0
11.875,61,220907,2,30,5,1,4,0
-3.125,61,220907,2,30,5,1,5,0
-3.125,61,220907,2,30,5,1,6,0
-3.125,61,220907,2,30,5,1,7,0
-11.875,61,220907,2,30,5,1,8,0
0.624999999999998,61,220907,2,30,5,1,9,0
4.375,61,220907,2,30,5,1,10,0
3.125,61,220907,2,30,5,1,11,0
-1.875,61,220907,2,30,5,1,12,0
-8.125,61,220907,2,30,5,1,13,0
-13.125,61,220907,2,30,5,1,14,0
-3.125,61,220907,2,30,5,1,15,0
-3.125,61,220907,2,30,5,1,16,0
6.875,61,220907,2,30,5,1,17,0
-3.125,61,220907,2,30,5,1,18,0
-15.625,61,220907,2,30,5,1,19,0
4.375,61,220907,2,30,5,1,20,0
68.125,61,220907,2,30,5,1,21,1
64.375,61,220907,2,30,5,1,22,1
84.375,61,220907,2,30,5,1,23,1
73.125,61,220907,2,30,5,1,24,1
53.125,61,220907,2,30,5,1,25,1
38.125,61,220907,2,30,5,1,26,1
61.875,61,220907,2,30,5,1,27,1
54.375,61,220907,2,30,5,1,28,1
45.625,61,220907,2,30,5,1,29,1
51.875,61,220907,2,30,5,1,30,1
54.375,61,220907,2,30,5,1,31,1
46.875,61,220907,2,30,5,1,32,1
51.875,61,220907,2,30,5,1,33,1
44.375,61,220907,2,30,5,1,34,1
54.375,61,220907,2,30,5,1,35,1
51.875,61,220907,2,30,5,1,36,1
43.125,61,220907,2,30,5,1,37,1
44.375,61,220907,2,30,5,1,38,1
36.875,61,220907,2,30,5,1,39,1
30.625,61,220907,2,30,5,1,40,1
-5.12820512820513,61,220907,2,32,5,1,1,0
5.12820512820513,61,220907,2,32,5,1,2,0
-1.28205128205128,61,220907,2,32,5,1,3,0
5.12820512820513,61,220907,2,32,5,1,4,0
3.84615384615385,61,220907,2,32,5,1,5,0
8.97435897435898,61,220907,2,32,5,1,6,0
16.6666666666667,61,220907,2,32,5,1,7,0
8.97435897435898,61,220907,2,32,5,1,8,0
0,61,220907,2,32,5,1,9,0
6.41025641025641,61,220907,2,32,5,1,10,0
2.56410256410256,61,220907,2,32,5,1,11,0
8.97435897435898,61,220907,2,32,5,1,12,0
16.6666666666667,61,220907,2,32,5,1,13,0
0,61,220907,2,32,5,1,14,0
12.8205128205128,61,220907,2,32,5,1,15,0
1.28205128205129,61,220907,2,32,5,1,16,0
24.3589743589744,61,220907,2,32,5,1,17,0
7.69230769230769,61,220907,2,32,5,1,18,0
2.56410256410256,61,220907,2,32,5,1,19,0
-2.56410256410256,61,220907,2,32,5,1,20,0
94.8717948717949,61,220907,2,32,5,1,21,1
58.974358974359,61,220907,2,32,5,1,22,1
47.4358974358974,61,220907,2,32,5,1,23,1
44.8717948717949,61,220907,2,32,5,1,24,1
46.1538461538462,61,220907,2,32,5,1,25,1
46.1538461538462,61,220907,2,32,5,1,26,1
37.1794871794872,61,220907,2,32,5,1,27,1
47.4358974358974,61,220907,2,32,5,1,28,1
51.2820512820513,61,220907,2,32,5,1,29,1
33.3333333333333,61,220907,2,32,5,1,30,1
41.025641025641,61,220907,2,32,5,1,31,1
42.3076923076923,61,220907,2,32,5,1,32,1
38.4615384615385,61,220907,2,32,5,1,33,1
38.4615384615385,61,220907,2,32,5,1,34,1
34.6153846153846,61,220907,2,32,5,1,35,1
35.8974358974359,61,220907,2,32,5,1,36,1
32.0512820512821,61,220907,2,32,5,1,37,1
28.2051282051282,61,220907,2,32,5,1,38,1
43.5897435897436,61,220907,2,32,5,1,39,1
33.3333333333333,61,220907,2,32,5,1,40,1
3.63636363636364,62,221008,1,2,5,1,1,0
-3.63636363636364,62,221008,1,2,5,1,2,0
16.3636363636364,62,221008,1,2,5,1,3,0
5.45454545454545,62,221008,1,2,5,1,4,0
18.1818181818182,62,221008,1,2,5,1,5,0
1.81818181818182,62,221008,1,2,5,1,6,0
12.7272727272727,62,221008,1,2,5,1,7,0
20,62,221008,1,2,5,1,8,0
3.63636363636364,62,221008,1,2,5,1,9,0
7.27272727272727,62,221008,1,2,5,1,10,0
9.09090909090909,62,221008,1,2,5,1,11,0
9.09090909090909,62,221008,1,2,5,1,12,0
-3.63636363636364,62,221008,1,2,5,1,13,0
10.9090909090909,62,221008,1,2,5,1,14,0
3.63636363636364,62,221008,1,2,5,1,15,0
16.3636363636364,62,221008,1,2,5,1,16,0
9.09090909090909,62,221008,1,2,5,1,17,0
5.45454545454545,62,221008,1,2,5,1,18,0
7.27272727272727,62,221008,1,2,5,1,19,0
9.09090909090909,62,221008,1,2,5,1,20,0
96.3636363636364,62,221008,1,2,5,1,21,1
65.4545454545454,62,221008,1,2,5,1,22,1
58.1818181818182,62,221008,1,2,5,1,23,1
69.0909090909091,62,221008,1,2,5,1,24,1
69.0909090909091,62,221008,1,2,5,1,25,1
72.7272727272727,62,221008,1,2,5,1,26,1
63.6363636363636,62,221008,1,2,5,1,27,1
61.8181818181818,62,221008,1,2,5,1,28,1
52.7272727272727,62,221008,1,2,5,1,29,1
49.0909090909091,62,221008,1,2,5,1,30,1
60,62,221008,1,2,5,1,31,1
45.4545454545455,62,221008,1,2,5,1,32,1
54.5454545454545,62,221008,1,2,5,1,33,1
52.7272727272727,62,221008,1,2,5,1,34,1
50.9090909090909,62,221008,1,2,5,1,35,1
45.4545454545455,62,221008,1,2,5,1,36,1
45.4545454545455,62,221008,1,2,5,1,37,1
45.4545454545455,62,221008,1,2,5,1,38,1
40,62,221008,1,2,5,1,39,1
56.3636363636364,62,221008,1,2,5,1,40,1
0,62,221008,1,4,5,1,1,0
0,62,221008,1,4,5,1,2,0
-12.7659574468085,62,221008,1,4,5,1,3,0
23.4042553191489,62,221008,1,4,5,1,4,0
6.38297872340427,62,221008,1,4,5,1,5,0
6.38297872340427,62,221008,1,4,5,1,6,0
23.4042553191489,62,221008,1,4,5,1,7,0
-4.25531914893616,62,221008,1,4,5,1,8,0
12.7659574468085,62,221008,1,4,5,1,9,0
-4.25531914893616,62,221008,1,4,5,1,10,0
4.25531914893618,62,221008,1,4,5,1,11,0
-23.4042553191489,62,221008,1,4,5,1,12,0
8.51063829787235,62,221008,1,4,5,1,13,0
8.51063829787235,62,221008,1,4,5,1,14,0
0,62,221008,1,4,5,1,15,0
6.38297872340427,62,221008,1,4,5,1,16,0
10.6382978723404,62,221008,1,4,5,1,17,0
-6.38297872340425,62,221008,1,4,5,1,18,0
10.6382978723404,62,221008,1,4,5,1,19,0
-17.0212765957447,62,221008,1,4,5,1,20,0
53.1914893617021,62,221008,1,4,5,1,21,1
59.5744680851064,62,221008,1,4,5,1,22,1
76.5957446808511,62,221008,1,4,5,1,23,1
48.936170212766,62,221008,1,4,5,1,24,1
48.936170212766,62,221008,1,4,5,1,25,1
53.1914893617021,62,221008,1,4,5,1,26,1
12.7659574468085,62,221008,1,4,5,1,27,1
42.5531914893617,62,221008,1,4,5,1,28,1
23.4042553191489,62,221008,1,4,5,1,29,1
61.7021276595745,62,221008,1,4,5,1,30,1
42.5531914893617,62,221008,1,4,5,1,31,1
38.2978723404255,62,221008,1,4,5,1,32,1
31.9148936170213,62,221008,1,4,5,1,33,1
42.5531914893617,62,221008,1,4,5,1,34,1
23.4042553191489,62,221008,1,4,5,1,35,1
53.1914893617021,62,221008,1,4,5,1,36,1
42.5531914893617,62,221008,1,4,5,1,37,1
59.5744680851064,62,221008,1,4,5,1,38,1
48.936170212766,62,221008,1,4,5,1,39,1
63.8297872340425,62,221008,1,4,5,1,40,1
2.97619047619048,62,221008,1,242,5,1,1,0
-2.97619047619048,62,221008,1,242,5,1,2,0
-7.73809523809523,62,221008,1,242,5,1,3,0
-1.78571428571428,62,221008,1,242,5,1,4,0
-10.1190476190476,62,221008,1,242,5,1,5,0
5.35714285714285,62,221008,1,242,5,1,6,0
-5.35714285714285,62,221008,1,242,5,1,7,0
-14.8809523809524,62,221008,1,242,5,1,8,0
7.73809523809525,62,221008,1,242,5,1,9,0
5.35714285714285,62,221008,1,242,5,1,10,0
-12.5,62,221008,1,242,5,1,11,0
-7.73809523809523,62,221008,1,242,5,1,12,0
1.78571428571429,62,221008,1,242,5,1,13,0
-14.8809523809524,62,221008,1,242,5,1,14,0
0.595238095238099,62,221008,1,242,5,1,15,0
-1.78571428571428,62,221008,1,242,5,1,16,0
0.595238095238099,62,221008,1,242,5,1,17,0
-1.78571428571428,62,221008,1,242,5,1,18,0
10.1190476190476,62,221008,1,242,5,1,19,0
8.92857142857144,62,221008,1,242,5,1,20,0
68.4523809523809,62,221008,1,242,5,1,21,1
85.1190476190476,62,221008,1,242,5,1,22,1
62.5,62,221008,1,242,5,1,23,1
37.5,62,221008,1,242,5,1,24,1
72.0238095238095,62,221008,1,242,5,1,25,1
27.9761904761905,62,221008,1,242,5,1,26,1
32.7380952380952,62,221008,1,242,5,1,27,1
41.0714285714286,62,221008,1,242,5,1,28,1
36.3095238095238,62,221008,1,242,5,1,29,1
51.7857142857143,62,221008,1,242,5,1,30,1
29.1666666666667,62,221008,1,242,5,1,31,1
51.7857142857143,62,221008,1,242,5,1,32,1
42.2619047619048,62,221008,1,242,5,1,33,1
26.7857142857143,62,221008,1,242,5,1,34,1
39.8809523809524,62,221008,1,242,5,1,35,1
36.3095238095238,62,221008,1,242,5,1,36,1
18.4523809523809,62,221008,1,242,5,1,37,1
33.9285714285714,62,221008,1,242,5,1,38,1
39.8809523809524,62,221008,1,242,5,1,39,1
33.9285714285714,62,221008,1,242,5,1,40,1
12.5,62,221009,2,25,5,1,1,0
-12.5,62,221009,2,25,5,1,2,0
4.16666666666666,62,221009,2,25,5,1,3,0
45.8333333333333,62,221009,2,25,5,1,4,0
-37.5,62,221009,2,25,5,1,5,0
-4.16666666666667,62,221009,2,25,5,1,6,0
4.16666666666666,62,221009,2,25,5,1,7,0
29.1666666666667,62,221009,2,25,5,1,8,0
-37.5,62,221009,2,25,5,1,9,0
45.8333333333333,62,221009,2,25,5,1,10,0
-12.5,62,221009,2,25,5,1,11,0
20.8333333333333,62,221009,2,25,5,1,12,0
-12.5,62,221009,2,25,5,1,13,0
12.5,62,221009,2,25,5,1,14,0
20.8333333333333,62,221009,2,25,5,1,15,0
-12.5,62,221009,2,25,5,1,16,0
-12.5,62,221009,2,25,5,1,17,0
12.5,62,221009,2,25,5,1,18,0
-12.5,62,221009,2,25,5,1,19,0
-12.5,62,221009,2,25,5,1,20,0
45.8333333333333,62,221009,2,25,5,1,21,1
-37.5,62,221009,2,25,5,1,22,1
-4.16666666666667,62,221009,2,25,5,1,23,1
-4.16666666666667,62,221009,2,25,5,1,24,1
-20.8333333333333,62,221009,2,25,5,1,25,1
-12.5,62,221009,2,25,5,1,26,1
-54.1666666666667,62,221009,2,25,5,1,27,1
-37.5,62,221009,2,25,5,1,28,1
-20.8333333333333,62,221009,2,25,5,1,29,1
-37.5,62,221009,2,25,5,1,30,1
-37.5,62,221009,2,25,5,1,31,1
-4.16666666666667,62,221009,2,25,5,1,32,1
-4.16666666666667,62,221009,2,25,5,1,33,1
-12.5,62,221009,2,25,5,1,34,1
12.5,62,221009,2,25,5,1,35,1
-20.8333333333333,62,221009,2,25,5,1,36,1
-45.8333333333333,62,221009,2,25,5,1,37,1
-54.1666666666667,62,221009,2,25,5,1,38,1
-45.8333333333333,62,221009,2,25,5,1,39,1
-12.5,62,221009,2,25,5,1,40,1
8.8235294117647,62,221011,1,0,5,1,1,0
-8.8235294117647,62,221011,1,0,5,1,2,0
73.5294117647059,62,221011,1,0,5,1,3,0
26.4705882352941,62,221011,1,0,5,1,4,0
2.94117647058824,62,221011,1,0,5,1,5,0
20.5882352941177,62,221011,1,0,5,1,6,0
2.94117647058824,62,221011,1,0,5,1,7,0
2.94117647058824,62,221011,1,0,5,1,8,0
44.1176470588235,62,221011,1,0,5,1,9,0
14.7058823529412,62,221011,1,0,5,1,10,0
44.1176470588235,62,221011,1,0,5,1,11,0
32.3529411764706,62,221011,1,0,5,1,12,0
55.8823529411765,62,221011,1,0,5,1,13,0
50,62,221011,1,0,5,1,14,0
2.94117647058824,62,221011,1,0,5,1,15,0
14.7058823529412,62,221011,1,0,5,1,16,0
2.94117647058824,62,221011,1,0,5,1,17,0
-14.7058823529412,62,221011,1,0,5,1,18,0
14.7058823529412,62,221011,1,0,5,1,19,0
20.5882352941177,62,221011,1,0,5,1,20,0
38.2352941176471,62,221011,1,0,5,1,21,1
32.3529411764706,62,221011,1,0,5,1,22,1
32.3529411764706,62,221011,1,0,5,1,23,1
2.94117647058824,62,221011,1,0,5,1,24,1
-26.4705882352941,62,221011,1,0,5,1,25,1
26.4705882352941,62,221011,1,0,5,1,26,1
-2.94117647058824,62,221011,1,0,5,1,27,1
20.5882352941177,62,221011,1,0,5,1,28,1
2.94117647058824,62,221011,1,0,5,1,29,1
-2.94117647058824,62,221011,1,0,5,1,30,1
38.2352941176471,62,221011,1,0,5,1,31,1
20.5882352941177,62,221011,1,0,5,1,32,1
-8.8235294117647,62,221011,1,0,5,1,33,1
32.3529411764706,62,221011,1,0,5,1,34,1
-20.5882352941177,62,221011,1,0,5,1,35,1
38.2352941176471,62,221011,1,0,5,1,36,1
44.1176470588235,62,221011,1,0,5,1,37,1
-8.8235294117647,62,221011,1,0,5,1,38,1
-14.7058823529412,62,221011,1,0,5,1,39,1
55.8823529411765,62,221011,1,0,5,1,40,1
-2.27272727272727,62,221011,1,7,5,1,1,0
2.27272727272727,62,221011,1,7,5,1,2,0
3.18181818181818,62,221011,1,7,5,1,3,0
-0.454545454545454,62,221011,1,7,5,1,4,0
6.36363636363636,62,221011,1,7,5,1,5,0
4.09090909090909,62,221011,1,7,5,1,6,0
-0.909090909090909,62,221011,1,7,5,1,7,0
2.27272727272727,62,221011,1,7,5,1,8,0
2.27272727272727,62,221011,1,7,5,1,9,0
1.36363636363636,62,221011,1,7,5,1,10,0
5.90909090909091,62,221011,1,7,5,1,11,0
0.909090909090909,62,221011,1,7,5,1,12,0
1.81818181818182,62,221011,1,7,5,1,13,0
1.36363636363636,62,221011,1,7,5,1,14,0
1.36363636363636,62,221011,1,7,5,1,15,0
0.454545454545456,62,221011,1,7,5,1,16,0
4.54545454545455,62,221011,1,7,5,1,17,0
-2.72727272727273,62,221011,1,7,5,1,18,0
-0.909090909090909,62,221011,1,7,5,1,19,0
-2.27272727272727,62,221011,1,7,5,1,20,0
97.2727272727273,62,221011,1,7,5,1,21,1
61.3636363636364,62,221011,1,7,5,1,22,1
49.5454545454546,62,221011,1,7,5,1,23,1
48.1818181818182,62,221011,1,7,5,1,24,1
46.3636363636364,62,221011,1,7,5,1,25,1
35.9090909090909,62,221011,1,7,5,1,26,1
35.4545454545455,62,221011,1,7,5,1,27,1
40.4545454545455,62,221011,1,7,5,1,28,1
38.1818181818182,62,221011,1,7,5,1,29,1
35.4545454545455,62,221011,1,7,5,1,30,1
37.2727272727273,62,221011,1,7,5,1,31,1
32.7272727272727,62,221011,1,7,5,1,32,1
34.5454545454546,62,221011,1,7,5,1,33,1
34.0909090909091,62,221011,1,7,5,1,34,1
33.1818181818182,62,221011,1,7,5,1,35,1
36.3636363636364,62,221011,1,7,5,1,36,1
30,62,221011,1,7,5,1,37,1
31.8181818181818,62,221011,1,7,5,1,38,1
30.4545454545455,62,221011,1,7,5,1,39,1
24.5454545454545,62,221011,1,7,5,1,40,1
19.0909090909091,62,221011,1,21,5,1,1,0
-19.0909090909091,62,221011,1,21,5,1,2,0
33.6363636363636,62,221011,1,21,5,1,3,0
8.18181818181818,62,221011,1,21,5,1,4,0
-6.36363636363637,62,221011,1,21,5,1,5,0
20.9090909090909,62,221011,1,21,5,1,6,0
2.72727272727272,62,221011,1,21,5,1,7,0
6.36363636363635,62,221011,1,21,5,1,8,0
17.2727272727273,62,221011,1,21,5,1,9,0
-8.18181818181819,62,221011,1,21,5,1,10,0
-2.72727272727273,62,221011,1,21,5,1,11,0
9.99999999999999,62,221011,1,21,5,1,12,0
37.2727272727273,62,221011,1,21,5,1,13,0
15.4545454545455,62,221011,1,21,5,1,14,0
13.6363636363636,62,221011,1,21,5,1,15,0
-0.909090909090912,62,221011,1,21,5,1,16,0
30,62,221011,1,21,5,1,17,0
-10,62,221011,1,21,5,1,18,0
0.909090909090909,62,221011,1,21,5,1,19,0
26.3636363636364,62,221011,1,21,5,1,20,0
70,62,221011,1,21,5,1,21,1
80.9090909090909,62,221011,1,21,5,1,22,1
60.9090909090909,62,221011,1,21,5,1,23,1
68.1818181818182,62,221011,1,21,5,1,24,1
48.1818181818182,62,221011,1,21,5,1,25,1
55.4545454545454,62,221011,1,21,5,1,26,1
53.6363636363636,62,221011,1,21,5,1,27,1
55.4545454545454,62,221011,1,21,5,1,28,1
75.4545454545455,62,221011,1,21,5,1,29,1
73.6363636363636,62,221011,1,21,5,1,30,1
42.7272727272727,62,221011,1,21,5,1,31,1
59.0909090909091,62,221011,1,21,5,1,32,1
71.8181818181818,62,221011,1,21,5,1,33,1
68.1818181818182,62,221011,1,21,5,1,34,1
51.8181818181818,62,221011,1,21,5,1,35,1
73.6363636363636,62,221011,1,21,5,1,36,1
80.9090909090909,62,221011,1,21,5,1,37,1
59.0909090909091,62,221011,1,21,5,1,38,1
68.1818181818182,62,221011,1,21,5,1,39,1
77.2727272727273,62,221011,1,21,5,1,40,1
-7.14285714285714,62,221012,2,0,5,1,1,0
7.14285714285714,62,221012,2,0,5,1,2,0
-7.14285714285714,62,221012,2,0,5,1,3,0
35.7142857142857,62,221012,2,0,5,1,4,0
7.14285714285714,62,221012,2,0,5,1,5,0
-7.14285714285714,62,221012,2,0,5,1,6,0
7.14285714285714,62,221012,2,0,5,1,7,0
7.14285714285714,62,221012,2,0,5,1,8,0
-7.14285714285714,62,221012,2,0,5,1,9,0
-7.14285714285714,62,221012,2,0,5,1,10,0
7.14285714285714,62,221012,2,0,5,1,11,0
21.4285714285714,62,221012,2,0,5,1,12,0
7.14285714285714,62,221012,2,0,5,1,13,0
7.14285714285714,62,221012,2,0,5,1,14,0
-7.14285714285714,62,221012,2,0,5,1,15,0
7.14285714285714,62,221012,2,0,5,1,16,0
-7.14285714285714,62,221012,2,0,5,1,17,0
21.4285714285714,62,221012,2,0,5,1,18,0
7.14285714285714,62,221012,2,0,5,1,19,0
21.4285714285714,62,221012,2,0,5,1,20,0
50,62,221012,2,0,5,1,21,1
7.14285714285714,62,221012,2,0,5,1,22,1
7.14285714285714,62,221012,2,0,5,1,23,1
92.8571428571429,62,221012,2,0,5,1,24,1
21.4285714285714,62,221012,2,0,5,1,25,1
35.7142857142857,62,221012,2,0,5,1,26,1
7.14285714285714,62,221012,2,0,5,1,27,1
21.4285714285714,62,221012,2,0,5,1,28,1
21.4285714285714,62,221012,2,0,5,1,29,1
21.4285714285714,62,221012,2,0,5,1,30,1
21.4285714285714,62,221012,2,0,5,1,31,1
35.7142857142857,62,221012,2,0,5,1,32,1
35.7142857142857,62,221012,2,0,5,1,33,1
-7.14285714285714,62,221012,2,0,5,1,34,1
21.4285714285714,62,221012,2,0,5,1,35,1
7.14285714285714,62,221012,2,0,5,1,36,1
35.7142857142857,62,221012,2,0,5,1,37,1
7.14285714285714,62,221012,2,0,5,1,38,1
21.4285714285714,62,221012,2,0,5,1,39,1
7.14285714285714,62,221012,2,0,5,1,40,1
0,62,221012,2,111,5,1,1,0
0,62,221012,2,111,5,1,2,0
12,62,221012,2,111,5,1,3,0
5,62,221012,2,111,5,1,4,0
8,62,221012,2,111,5,1,5,0
10,62,221012,2,111,5,1,6,0
7,62,221012,2,111,5,1,7,0
9.00000000000001,62,221012,2,111,5,1,8,0
3,62,221012,2,111,5,1,9,0
8,62,221012,2,111,5,1,10,0
14,62,221012,2,111,5,1,11,0
17,62,221012,2,111,5,1,12,0
6,62,221012,2,111,5,1,13,0
9.00000000000001,62,221012,2,111,5,1,14,0
3,62,221012,2,111,5,1,15,0
8,62,221012,2,111,5,1,16,0
5,62,221012,2,111,5,1,17,0
4,62,221012,2,111,5,1,18,0
-5,62,221012,2,111,5,1,19,0
7,62,221012,2,111,5,1,20,0
95,62,221012,2,111,5,1,21,1
69,62,221012,2,111,5,1,22,1
43,62,221012,2,111,5,1,23,1
36,62,221012,2,111,5,1,24,1
24,62,221012,2,111,5,1,25,1
20,62,221012,2,111,5,1,26,1
18,62,221012,2,111,5,1,27,1
16,62,221012,2,111,5,1,28,1
4,62,221012,2,111,5,1,29,1
14,62,221012,2,111,5,1,30,1
10,62,221012,2,111,5,1,31,1
-3,62,221012,2,111,5,1,32,1
11,62,221012,2,111,5,1,33,1
8,62,221012,2,111,5,1,34,1
0,62,221012,2,111,5,1,35,1
4,62,221012,2,111,5,1,36,1
6,62,221012,2,111,5,1,37,1
2,62,221012,2,111,5,1,38,1
-3,62,221012,2,111,5,1,39,1
7,62,221012,2,111,5,1,40,1
18.1818181818182,63,221004,1,34,5,1,1,0
-18.1818181818182,63,221004,1,34,5,1,2,0
12.7272727272727,63,221004,1,34,5,1,3,0
23.6363636363636,63,221004,1,34,5,1,4,0
-3.63636363636364,63,221004,1,34,5,1,5,0
-5.45454545454546,63,221004,1,34,5,1,6,0
32.7272727272727,63,221004,1,34,5,1,7,0
-7.27272727272728,63,221004,1,34,5,1,8,0
-3.63636363636364,63,221004,1,34,5,1,9,0
-1.81818181818182,63,221004,1,34,5,1,10,0
5.45454545454545,63,221004,1,34,5,1,11,0
-14.5454545454545,63,221004,1,34,5,1,12,0
9.09090909090909,63,221004,1,34,5,1,13,0
12.7272727272727,63,221004,1,34,5,1,14,0
-1.81818181818182,63,221004,1,34,5,1,15,0
5.45454545454545,63,221004,1,34,5,1,16,0
9.09090909090909,63,221004,1,34,5,1,17,0
-20,63,221004,1,34,5,1,18,0
14.5454545454545,63,221004,1,34,5,1,19,0
-1.81818181818182,63,221004,1,34,5,1,20,0
80,63,221004,1,34,5,1,21,1
76.3636363636364,63,221004,1,34,5,1,22,1
70.9090909090909,63,221004,1,34,5,1,23,1
47.2727272727273,63,221004,1,34,5,1,24,1
65.4545454545455,63,221004,1,34,5,1,25,1
40,63,221004,1,34,5,1,26,1
29.0909090909091,63,221004,1,34,5,1,27,1
47.2727272727273,63,221004,1,34,5,1,28,1
30.9090909090909,63,221004,1,34,5,1,29,1
12.7272727272727,63,221004,1,34,5,1,30,1
38.1818181818182,63,221004,1,34,5,1,31,1
38.1818181818182,63,221004,1,34,5,1,32,1
27.2727272727273,63,221004,1,34,5,1,33,1
27.2727272727273,63,221004,1,34,5,1,34,1
38.1818181818182,63,221004,1,34,5,1,35,1
47.2727272727273,63,221004,1,34,5,1,36,1
-12.7272727272727,63,221004,1,34,5,1,37,1
29.0909090909091,63,221004,1,34,5,1,38,1
27.2727272727273,63,221004,1,34,5,1,39,1
5.45454545454545,63,221004,1,34,5,1,40,1
0,63,221004,1,64,5,1,1,0
0,63,221004,1,64,5,1,2,0
0.925925925925926,63,221004,1,64,5,1,3,0
2.77777777777778,63,221004,1,64,5,1,4,0
8.33333333333333,63,221004,1,64,5,1,5,0
3.7037037037037,63,221004,1,64,5,1,6,0
-1.85185185185185,63,221004,1,64,5,1,7,0
3.7037037037037,63,221004,1,64,5,1,8,0
7.40740740740741,63,221004,1,64,5,1,9,0
1.85185185185185,63,221004,1,64,5,1,10,0
0,63,221004,1,64,5,1,11,0
6.48148148148148,63,221004,1,64,5,1,12,0
2.77777777777778,63,221004,1,64,5,1,13,0
3.7037037037037,63,221004,1,64,5,1,14,0
4.62962962962963,63,221004,1,64,5,1,15,0
6.48148148148148,63,221004,1,64,5,1,16,0
-0.925925925925926,63,221004,1,64,5,1,17,0
6.48148148148148,63,221004,1,64,5,1,18,0
0.925925925925926,63,221004,1,64,5,1,19,0
0,63,221004,1,64,5,1,20,0
98.1481481481482,63,221004,1,64,5,1,21,1
71.2962962962963,63,221004,1,64,5,1,22,1
65.7407407407407,63,221004,1,64,5,1,23,1
56.4814814814815,63,221004,1,64,5,1,24,1
50,63,221004,1,64,5,1,25,1
54.6296296296296,63,221004,1,64,5,1,26,1
51.8518518518519,63,221004,1,64,5,1,27,1
42.5925925925926,63,221004,1,64,5,1,28,1
41.6666666666667,63,221004,1,64,5,1,29,1
48.1481481481482,63,221004,1,64,5,1,30,1
40.7407407407407,63,221004,1,64,5,1,31,1
51.8518518518519,63,221004,1,64,5,1,32,1
49.0740740740741,63,221004,1,64,5,1,33,1
51.8518518518519,63,221004,1,64,5,1,34,1
44.4444444444444,63,221004,1,64,5,1,35,1
39.8148148148148,63,221004,1,64,5,1,36,1
46.2962962962963,63,221004,1,64,5,1,37,1
57.4074074074074,63,221004,1,64,5,1,38,1
41.6666666666667,63,221004,1,64,5,1,39,1
34.2592592592593,63,221004,1,64,5,1,40,1
10,63,221004,1,189,5,1,1,0
-10,63,221004,1,189,5,1,2,0
-18.5714285714286,63,221004,1,189,5,1,3,0
4.28571428571428,63,221004,1,189,5,1,4,0
-18.5714285714286,63,221004,1,189,5,1,5,0
-21.4285714285714,63,221004,1,189,5,1,6,0
-10,63,221004,1,189,5,1,7,0
-12.8571428571429,63,221004,1,189,5,1,8,0
-18.5714285714286,63,221004,1,189,5,1,9,0
-10,63,221004,1,189,5,1,10,0
-4.28571428571428,63,221004,1,189,5,1,11,0
-15.7142857142857,63,221004,1,189,5,1,12,0
-12.8571428571429,63,221004,1,189,5,1,13,0
-10,63,221004,1,189,5,1,14,0
-21.4285714285714,63,221004,1,189,5,1,15,0
-21.4285714285714,63,221004,1,189,5,1,16,0
-4.28571428571428,63,221004,1,189,5,1,17,0
-18.5714285714286,63,221004,1,189,5,1,18,0
-15.7142857142857,63,221004,1,189,5,1,19,0
-12.8571428571429,63,221004,1,189,5,1,20,0
78.5714285714286,63,221004,1,189,5,1,21,1
12.8571428571429,63,221004,1,189,5,1,22,1
12.8571428571429,63,221004,1,189,5,1,23,1
12.8571428571429,63,221004,1,189,5,1,24,1
7.14285714285714,63,221004,1,189,5,1,25,1
18.5714285714286,63,221004,1,189,5,1,26,1
15.7142857142857,63,221004,1,189,5,1,27,1
35.7142857142857,63,221004,1,189,5,1,28,1
-1.42857142857143,63,221004,1,189,5,1,29,1
27.1428571428571,63,221004,1,189,5,1,30,1
10,63,221004,1,189,5,1,31,1
-1.42857142857143,63,221004,1,189,5,1,32,1
32.8571428571429,63,221004,1,189,5,1,33,1
4.28571428571428,63,221004,1,189,5,1,34,1
1.42857142857143,63,221004,1,189,5,1,35,1
7.14285714285714,63,221004,1,189,5,1,36,1
15.7142857142857,63,221004,1,189,5,1,37,1
10,63,221004,1,189,5,1,38,1
4.28571428571428,63,221004,1,189,5,1,39,1
35.7142857142857,63,221004,1,189,5,1,40,1
0,63,221005,2,39,5,1,1,0
0,63,221005,2,39,5,1,2,0
-11.1111111111111,63,221005,2,39,5,1,3,0
2.92397660818713,63,221005,2,39,5,1,4,0
-3.50877192982456,63,221005,2,39,5,1,5,0
-6.4327485380117,63,221005,2,39,5,1,6,0
4.09356725146199,63,221005,2,39,5,1,7,0
-4.09356725146199,63,221005,2,39,5,1,8,0
-10.5263157894737,63,221005,2,39,5,1,9,0
0.584795321637428,63,221005,2,39,5,1,10,0
-7.01754385964912,63,221005,2,39,5,1,11,0
-9.94152046783626,63,221005,2,39,5,1,12,0
3.50877192982456,63,221005,2,39,5,1,13,0
4.67836257309941,63,221005,2,39,5,1,14,0
-5.26315789473684,63,221005,2,39,5,1,15,0
-1.16959064327485,63,221005,2,39,5,1,16,0
1.16959064327485,63,221005,2,39,5,1,17,0
-1.16959064327485,63,221005,2,39,5,1,18,0
0.584795321637428,63,221005,2,39,5,1,19,0
0.584795321637428,63,221005,2,39,5,1,20,0
88.8888888888889,63,221005,2,39,5,1,21,1
52.6315789473684,63,221005,2,39,5,1,22,1
54.9707602339181,63,221005,2,39,5,1,23,1
33.3333333333333,63,221005,2,39,5,1,24,1
45.6140350877193,63,221005,2,39,5,1,25,1
32.7485380116959,63,221005,2,39,5,1,26,1
39.1812865497076,63,221005,2,39,5,1,27,1
56.140350877193,63,221005,2,39,5,1,28,1
25.1461988304094,63,221005,2,39,5,1,29,1
18.7134502923977,63,221005,2,39,5,1,30,1
35.672514619883,63,221005,2,39,5,1,31,1
36.8421052631579,63,221005,2,39,5,1,32,1
15.2046783625731,63,221005,2,39,5,1,33,1
25.1461988304094,63,221005,2,39,5,1,34,1
43.2748538011696,63,221005,2,39,5,1,35,1
22.2222222222222,63,221005,2,39,5,1,36,1
20.4678362573099,63,221005,2,39,5,1,37,1
38.5964912280702,63,221005,2,39,5,1,38,1
24.5614035087719,63,221005,2,39,5,1,39,1
17.5438596491228,63,221005,2,39,5,1,40,1
-3.84615384615385,63,221005,2,224,5,1,1,0
3.84615384615385,63,221005,2,224,5,1,2,0
-3.84615384615385,63,221005,2,224,5,1,3,0
2.56410256410256,63,221005,2,224,5,1,4,0
7.69230769230769,63,221005,2,224,5,1,5,0
5.12820512820512,63,221005,2,224,5,1,6,0
1.28205128205128,63,221005,2,224,5,1,7,0
14.1025641025641,63,221005,2,224,5,1,8,0
7.69230769230769,63,221005,2,224,5,1,9,0
5.12820512820512,63,221005,2,224,5,1,10,0
19.2307692307692,63,221005,2,224,5,1,11,0
28.2051282051282,63,221005,2,224,5,1,12,0
-7.69230769230769,63,221005,2,224,5,1,13,0
16.6666666666667,63,221005,2,224,5,1,14,0
20.5128205128205,63,221005,2,224,5,1,15,0
19.2307692307692,63,221005,2,224,5,1,16,0
0,63,221005,2,224,5,1,17,0
17.9487179487179,63,221005,2,224,5,1,18,0
12.8205128205128,63,221005,2,224,5,1,19,0
0,63,221005,2,224,5,1,20,0
92.3076923076923,63,221005,2,224,5,1,21,1
57.6923076923077,63,221005,2,224,5,1,22,1
44.8717948717949,63,221005,2,224,5,1,23,1
52.5641025641026,63,221005,2,224,5,1,24,1
44.8717948717949,63,221005,2,224,5,1,25,1
35.8974358974359,63,221005,2,224,5,1,26,1
37.1794871794872,63,221005,2,224,5,1,27,1
42.3076923076923,63,221005,2,224,5,1,28,1
35.8974358974359,63,221005,2,224,5,1,29,1
39.7435897435897,63,221005,2,224,5,1,30,1
39.7435897435897,63,221005,2,224,5,1,31,1
28.2051282051282,63,221005,2,224,5,1,32,1
46.1538461538462,63,221005,2,224,5,1,33,1
39.7435897435897,63,221005,2,224,5,1,34,1
39.7435897435897,63,221005,2,224,5,1,35,1
32.0512820512821,63,221005,2,224,5,1,36,1
52.5641025641026,63,221005,2,224,5,1,37,1
35.8974358974359,63,221005,2,224,5,1,38,1
37.1794871794872,63,221005,2,224,5,1,39,1
42.3076923076923,63,221005,2,224,5,1,40,1
-0.328947368421054,63,221006,3,0,5,1,1,0
0.328947368421054,63,221006,3,0,5,1,2,0
2.96052631578947,63,221006,3,0,5,1,3,0
2.30263157894737,63,221006,3,0,5,1,4,0
-0.986842105263158,63,221006,3,0,5,1,5,0
-3.61842105263158,63,221006,3,0,5,1,6,0
-0.986842105263158,63,221006,3,0,5,1,7,0
8.22368421052632,63,221006,3,0,5,1,8,0
-5.5921052631579,63,221006,3,0,5,1,9,0
1.64473684210527,63,221006,3,0,5,1,10,0
-1.64473684210526,63,221006,3,0,5,1,11,0
-1.64473684210526,63,221006,3,0,5,1,12,0
-2.96052631578947,63,221006,3,0,5,1,13,0
-4.27631578947368,63,221006,3,0,5,1,14,0
2.96052631578947,63,221006,3,0,5,1,15,0
-2.30263157894737,63,221006,3,0,5,1,16,0
-4.93421052631579,63,221006,3,0,5,1,17,0
2.30263157894737,63,221006,3,0,5,1,18,0
-6.25,63,221006,3,0,5,1,19,0
0.328947368421054,63,221006,3,0,5,1,20,0
93.75,63,221006,3,0,5,1,21,1
81.9078947368421,63,221006,3,0,5,1,22,1
54.2763157894737,63,221006,3,0,5,1,23,1
68.75,63,221006,3,0,5,1,24,1
51.6447368421053,63,221006,3,0,5,1,25,1
43.75,63,221006,3,0,5,1,26,1
54.2763157894737,63,221006,3,0,5,1,27,1
43.0921052631579,63,221006,3,0,5,1,28,1
45.0657894736842,63,221006,3,0,5,1,29,1
50.9868421052632,63,221006,3,0,5,1,30,1
32.5657894736842,63,221006,3,0,5,1,31,1
45.0657894736842,63,221006,3,0,5,1,32,1
42.4342105263158,63,221006,3,0,5,1,33,1
35.8552631578947,63,221006,3,0,5,1,34,1
33.8815789473684,63,221006,3,0,5,1,35,1
43.0921052631579,63,221006,3,0,5,1,36,1
33.2236842105263,63,221006,3,0,5,1,37,1
35.8552631578947,63,221006,3,0,5,1,38,1
37.171052631579,63,221006,3,0,5,1,39,1
30.5921052631579,63,221006,3,0,5,1,40,1
-3.80710659898477,63,221007,1,2,5,1,1,0
3.80710659898477,63,221007,1,2,5,1,2,0
-12.9441624365482,63,221007,1,2,5,1,3,0
-2.79187817258883,63,221007,1,2,5,1,4,0
9.89847715736041,63,221007,1,2,5,1,5,0
-10.4060913705584,63,221007,1,2,5,1,6,0
-2.79187817258883,63,221007,1,2,5,1,7,0
6.85279187817259,63,221007,1,2,5,1,8,0
-12.9441624365482,63,221007,1,2,5,1,9,0
-9.39086294416243,63,221007,1,2,5,1,10,0
-1.26903553299492,63,221007,1,2,5,1,11,0
-1.26903553299492,63,221007,1,2,5,1,12,0
-14.4670050761421,63,221007,1,2,5,1,13,0
-14.4670050761421,63,221007,1,2,5,1,14,0
-1.77664974619289,63,221007,1,2,5,1,15,0
-5.32994923857868,63,221007,1,2,5,1,16,0
-10.9137055837563,63,221007,1,2,5,1,17,0
-1.26903553299492,63,221007,1,2,5,1,18,0
-13.9593908629442,63,221007,1,2,5,1,19,0
-5.83756345177665,63,221007,1,2,5,1,20,0
85.5329949238579,63,221007,1,2,5,1,21,1
56.0913705583756,63,221007,1,2,5,1,22,1
48.9847715736041,63,221007,1,2,5,1,23,1
52.5380710659898,63,221007,1,2,5,1,24,1
33.756345177665,63,221007,1,2,5,1,25,1
36.2944162436548,63,221007,1,2,5,1,26,1
38.8324873096447,63,221007,1,2,5,1,27,1
12.9441624365482,63,221007,1,2,5,1,28,1
30.7106598984772,63,221007,1,2,5,1,29,1
35.2791878172589,63,221007,1,2,5,1,30,1
-0.761421319796957,63,221007,1,2,5,1,31,1
22.0812182741117,63,221007,1,2,5,1,32,1
36.2944162436548,63,221007,1,2,5,1,33,1
6.85279187817259,63,221007,1,2,5,1,34,1
23.0964467005076,63,221007,1,2,5,1,35,1
30.7106598984772,63,221007,1,2,5,1,36,1
6.85279187817259,63,221007,1,2,5,1,37,1
19.0355329949239,63,221007,1,2,5,1,38,1
30.7106598984772,63,221007,1,2,5,1,39,1
10.4060913705584,63,221007,1,2,5,1,40,1
1.04166666666667,63,221007,1,30,5,1,1,0
-1.04166666666667,63,221007,1,30,5,1,2,0
15.625,63,221007,1,30,5,1,3,0
-11.4583333333333,63,221007,1,30,5,1,4,0
-1.04166666666667,63,221007,1,30,5,1,5,0
15.625,63,221007,1,30,5,1,6,0
1.04166666666667,63,221007,1,30,5,1,7,0
-7.29166666666667,63,221007,1,30,5,1,8,0
15.625,63,221007,1,30,5,1,9,0
9.375,63,221007,1,30,5,1,10,0
1.04166666666667,63,221007,1,30,5,1,11,0
11.4583333333333,63,221007,1,30,5,1,12,0
-1.04166666666667,63,221007,1,30,5,1,13,0
7.29166666666667,63,221007,1,30,5,1,14,0
7.29166666666667,63,221007,1,30,5,1,15,0
17.7083333333333,63,221007,1,30,5,1,16,0
7.29166666666667,63,221007,1,30,5,1,17,0
3.125,63,221007,1,30,5,1,18,0
7.29166666666667,63,221007,1,30,5,1,19,0
7.29166666666667,63,221007,1,30,5,1,20,0
88.5416666666667,63,221007,1,30,5,1,21,1
46.875,63,221007,1,30,5,1,22,1
23.9583333333333,63,221007,1,30,5,1,23,1
46.875,63,221007,1,30,5,1,24,1
34.375,63,221007,1,30,5,1,25,1
34.375,63,221007,1,30,5,1,26,1
38.5416666666667,63,221007,1,30,5,1,27,1
32.2916666666667,63,221007,1,30,5,1,28,1
53.125,63,221007,1,30,5,1,29,1
51.0416666666667,63,221007,1,30,5,1,30,1
51.0416666666667,63,221007,1,30,5,1,31,1
34.375,63,221007,1,30,5,1,32,1
40.625,63,221007,1,30,5,1,33,1
40.625,63,221007,1,30,5,1,34,1
51.0416666666667,63,221007,1,30,5,1,35,1
23.9583333333333,63,221007,1,30,5,1,36,1
44.7916666666667,63,221007,1,30,5,1,37,1
23.9583333333333,63,221007,1,30,5,1,38,1
38.5416666666667,63,221007,1,30,5,1,39,1
34.375,63,221007,1,30,5,1,40,1
-17.0588235294118,63,221008,2,18,5,1,1,0
17.0588235294118,63,221008,2,18,5,1,2,0
-12.3529411764706,63,221008,2,18,5,1,3,0
-5.29411764705882,63,221008,2,18,5,1,4,0
1.76470588235294,63,221008,2,18,5,1,5,0
-19.4117647058824,63,221008,2,18,5,1,6,0
0.588235294117645,63,221008,2,18,5,1,7,0
-13.5294117647059,63,221008,2,18,5,1,8,0
-17.0588235294118,63,221008,2,18,5,1,9,0
-4.11764705882353,63,221008,2,18,5,1,10,0
-12.3529411764706,63,221008,2,18,5,1,11,0
-8.8235294117647,63,221008,2,18,5,1,12,0
-8.8235294117647,63,221008,2,18,5,1,13,0
-20.5882352941176,63,221008,2,18,5,1,14,0
-21.7647058823529,63,221008,2,18,5,1,15,0
-17.0588235294118,63,221008,2,18,5,1,16,0
-5.29411764705882,63,221008,2,18,5,1,17,0
-11.1764705882353,63,221008,2,18,5,1,18,0
-19.4117647058824,63,221008,2,18,5,1,19,0
-17.0588235294118,63,221008,2,18,5,1,20,0
78.2352941176471,63,221008,2,18,5,1,21,1
39.4117647058824,63,221008,2,18,5,1,22,1
35.8823529411765,63,221008,2,18,5,1,23,1
24.1176470588235,63,221008,2,18,5,1,24,1
35.8823529411765,63,221008,2,18,5,1,25,1
32.3529411764706,63,221008,2,18,5,1,26,1
32.3529411764706,63,221008,2,18,5,1,27,1
33.5294117647059,63,221008,2,18,5,1,28,1
27.6470588235294,63,221008,2,18,5,1,29,1
11.1764705882353,63,221008,2,18,5,1,30,1
32.3529411764706,63,221008,2,18,5,1,31,1
30,63,221008,2,18,5,1,32,1
28.8235294117647,63,221008,2,18,5,1,33,1
30,63,221008,2,18,5,1,34,1
30,63,221008,2,18,5,1,35,1
14.7058823529412,63,221008,2,18,5,1,36,1
31.1764705882353,63,221008,2,18,5,1,37,1
35.8823529411765,63,221008,2,18,5,1,38,1
18.2352941176471,63,221008,2,18,5,1,39,1
47.6470588235294,63,221008,2,18,5,1,40,1
1.78571428571428,63,221009,3,71,5,1,1,0
-1.78571428571428,63,221009,3,71,5,1,2,0
-1.78571428571428,63,221009,3,71,5,1,3,0
10.7142857142857,63,221009,3,71,5,1,4,0
10.7142857142857,63,221009,3,71,5,1,5,0
3.57142857142857,63,221009,3,71,5,1,6,0
3.57142857142857,63,221009,3,71,5,1,7,0
1.38777878078145e-15,63,221009,3,71,5,1,8,0
-3.57142857142857,63,221009,3,71,5,1,9,0
-3.57142857142857,63,221009,3,71,5,1,10,0
-8.92857142857143,63,221009,3,71,5,1,11,0
3.57142857142857,63,221009,3,71,5,1,12,0
1.38777878078145e-15,63,221009,3,71,5,1,13,0
1.38777878078145e-15,63,221009,3,71,5,1,14,0
1.78571428571428,63,221009,3,71,5,1,15,0
1.78571428571428,63,221009,3,71,5,1,16,0
-1.78571428571428,63,221009,3,71,5,1,17,0
12.5,63,221009,3,71,5,1,18,0
1.38777878078145e-15,63,221009,3,71,5,1,19,0
3.57142857142857,63,221009,3,71,5,1,20,0
91.0714285714286,63,221009,3,71,5,1,21,1
37.5,63,221009,3,71,5,1,22,1
42.8571428571428,63,221009,3,71,5,1,23,1
28.5714285714286,63,221009,3,71,5,1,24,1
33.9285714285714,63,221009,3,71,5,1,25,1
23.2142857142857,63,221009,3,71,5,1,26,1
35.7142857142857,63,221009,3,71,5,1,27,1
19.6428571428571,63,221009,3,71,5,1,28,1
28.5714285714286,63,221009,3,71,5,1,29,1
17.8571428571429,63,221009,3,71,5,1,30,1
8.92857142857143,63,221009,3,71,5,1,31,1
37.5,63,221009,3,71,5,1,32,1
28.5714285714286,63,221009,3,71,5,1,33,1
14.2857142857143,63,221009,3,71,5,1,34,1
25,63,221009,3,71,5,1,35,1
19.6428571428571,63,221009,3,71,5,1,36,1
8.92857142857143,63,221009,3,71,5,1,37,1
14.2857142857143,63,221009,3,71,5,1,38,1
17.8571428571429,63,221009,3,71,5,1,39,1
8.92857142857143,63,221009,3,71,5,1,40,1
