DataY,TrialBlock,PosBin
-0.0182014625757415,1,1
0.0182014625757414,1,2
0.0617922937033979,1,3
0.0912321583711775,1,4
0.123958565305236,1,5
0.238428922968916,1,6
0.338163191411704,1,7
0.347225712642621,1,8
0.217086995245219,1,9
0.0351331944886,1,10
-0.105912576966953,1,11
-0.169192935494577,1,12
-0.209652842766355,1,13
-0.588142902278091,1,14
-0.630056317691108,1,15
-0.641039659321903,1,16
-0.585670745775123,1,17
-0.571706681179381,1,18
-0.460984149202248,1,19
-0.325858098287838,1,20
-0.194909992278786,1,21
-0.0391022253771683,1,22
0.0953877016030549,1,23
0.193294743482184,1,24
0.283774407966122,1,25
0.354974274330972,1,26
0.358960340678097,1,27
0.275724871629708,1,28
0.102497190855845,1,29
-0.0475702006090211,1,30
-0.0652581212245873,1,31
0.0570974712396641,1,1
-0.0570974712396641,1,2
-0.160333024014778,1,3
-0.184010682050413,1,4
-0.0978768091925287,1,5
0.0438964144075417,1,6
0.196591831799675,1,7
0.291666649764354,1,8
0.361887213327901,1,9
0.420059282579701,1,10
0.478471261125754,1,11
0.505355412030392,1,12
0.510663095717751,1,13
0.479024650739134,1,14
0.226370148381059,1,15
0.163617735230433,1,16
0.0828726292471635,1,17
0.0775956781922467,1,18
0.101377574948948,1,19
0.174408990070002,1,20
0.268141985115541,1,21
0.364506626767884,1,22
0.462060477167992,1,23
0.553579727688644,1,24
0.657858440691287,1,25
0.751936524008118,1,26
0.815989317949587,1,27
0.774692304580186,1,28
0.719296888219003,1,29
0.650832673869678,1,30
0.64277969059051,1,31
0.02726368804635,1,1
-0.02726368804635,1,2
-0.0985843810141973,1,3
-0.142000307918771,1,4
-0.130449521351218,1,5
-0.0739972612846533,1,6
-0.0180211956015571,1,7
-0.000430508467523349,1,8
-0.00100349836911318,1,9
-0.0285878063583121,1,10
-0.0474567378794409,1,11
-0.0518980906647911,1,12
-0.0515257679418464,1,13
-0.0604333220741691,1,14
-0.147454133381816,1,15
-0.229431609531579,1,16
-0.278513936110979,1,17
-0.294478893338039,1,18
-0.366206924780588,1,19
-0.347770008316892,1,20
-0.284347219970582,1,21
-0.193171663967454,1,22
-0.0926813930443616,1,23
-0.0232548088534875,1,24
0.0241572228580628,1,25
0.0559859525970158,1,26
0.132716234182111,1,27
0.289524820861829,1,28
0.534870500028464,1,29
0.614989865737252,1,30
0.633793075219412,1,31
-0.00871513768929183,1,1
0.00871513768929177,1,2
0.0278701328511784,1,3
0.0200678874023554,1,4
-0.00530414563326281,1,5
-0.0354099023641177,1,6
-0.0757256156175289,1,7
-0.126607778535387,1,8
-0.173607836153362,1,9
-0.18682567918802,1,10
-0.197653046104109,1,11
-0.195034501927962,1,12
-0.206763582341563,1,13
-0.232328522142269,1,14
-0.277347932785375,1,15
-0.296060250203252,1,16
-0.229136549823818,1,17
-0.0877910553134399,1,18
0.0927358806186485,1,19
0.27507437264721,1,20
0.456138561320302,1,21
0.611617846676174,1,22
0.703939749796748,1,23
0.691523906858627,1,24
0.593345448814585,1,25
0.458833759570725,1,26
0.330065711839355,1,27
0.193784612853126,1,28
0.149722533945754,1,29
0.200899912605658,1,30
0.27928684809978,1,31
0.00236367420531872,1,1
-0.00236367420531872,1,2
-0.0326334104609356,1,3
-0.0655012135726814,1,4
-0.0463543220408945,1,5
-0.0161988077292363,1,6
0.0524857422856612,1,7
0.146379873456149,1,8
0.269078164572155,1,9
0.427154871297042,1,10
0.570897065976887,1,11
0.696428489552088,1,12
0.81755036110424,1,13
0.934498786427319,1,14
0.906744302428458,1,15
0.65026933841791,1,16
0.552282345150336,1,17
0.482550835878969,1,18
0.422837229109531,1,19
0.328999051636108,1,20
0.228885713804765,1,21
0.183563490934057,1,22
0.213237021579303,1,23
0.296920291654689,1,24
0.399433952183536,1,25
0.523101121680227,1,26
0.50318232141993,1,27
0.526294248697721,1,28
0.561579300548654,1,29
0.603290133492471,1,30
0.642998756306137,1,31
0.0843753422864559,1,1
-0.0843753422864558,1,2
-0.246885905693085,1,3
-0.361561112053185,1,4
-0.395540320820451,1,5
-0.372351933173848,1,6
-0.333985527527785,1,7
-0.299668375189827,1,8
-0.257367733767418,1,9
-0.175555770121809,1,10
-0.0455381943021887,1,11
0.146194283523088,1,12
0.304044406458055,1,13
0.35399494103228,1,14
0.26681698836027,1,15
-0.0309177553731146,1,16
-0.214075942612585,1,17
-0.241517642113653,1,18
-0.231986470418129,1,19
-0.213395413054187,1,20
-0.202072747926353,1,21
-0.189349858278399,1,22
-0.124477413780346,1,23
0.0317471880290088,1,24
0.275648692452441,1,25
0.548824411219766,1,26
0.604459679179549,1,27
0.549016553873642,1,28
0.486065054059418,1,29
0.435811860260647,1,30
0.375932608771599,1,31
-0.0175962139889911,1,1
0.0175962139889911,1,2
0.0859076257085105,1,3
0.240748867500124,1,4
0.434827356356465,1,5
0.57412369050635,1,6
0.621050717467621,1,7
0.568606751080396,1,8
0.440595524227722,1,9
0.291158631911792,1,10
0.178680514198789,1,11
0.109688129204573,1,12
0.0944813332264045,1,13
0.00841100403445364,1,14
0.105020006164672,1,15
0.262636887288759,1,16
0.400135590063635,1,17
0.474670754185846,1,18
0.477279315011079,1,19
0.424126214649624,1,20
0.375152043548219,1,21
0.404026952015239,1,22
0.55791996807355,1,23
0.844230167046215,1,24
0.977653540237345,1,25
0.982403786011009,1,26
0.910458007732463,1,27
0.782060599256548,1,28
0.718833126554912,1,29
0.716228484055727,1,30
0.788932841271149,1,31
-0.0136028946066256,1,1
0.0136028946066256,1,2
-0.0138074213947365,1,3
-0.0986922467330881,1,4
-0.179502144014383,1,5
-0.193264883711276,1,6
-0.114295713355353,1,7
0.0651706196834871,1,8
0.281434770496596,1,9
0.493009805962435,1,10
0.618570050402419,1,11
0.625407572906859,1,12
0.575490992986889,1,13
0.43773765978589,1,14
0.376124282189723,1,15
0.193351905966379,1,16
0.142004053944623,1,17
0.147607196734742,1,18
0.19542555674806,1,19
0.276708092993361,1,20
0.343301045759781,1,21
0.368817385462227,1,22
0.334127598178501,1,23
0.278804257499479,1,24
0.19013310226871,1,25
0.117916211965149,1,26
0.0438188269208549,1,27
-0.0100801902942102,1,28
-0.0993094766819025,1,29
-0.237097415748117,1,30
-0.374592427093141,1,31
0.0561313806081152,1,1
-0.0561313806081153,1,2
-0.112476312756544,1,3
-0.123561863830056,1,4
-0.128783532026037,1,5
-0.156174625378986,1,6
-0.201852087231266,1,7
-0.276472218241005,1,8
-0.362705323606599,1,9
-0.424619189157096,1,10
-0.433904526121479,1,11
-0.418976788721293,1,12
-0.413924127522415,1,13
-0.448468326142381,1,14
-0.512933884341588,1,15
-0.598191211810626,1,16
-0.805546606128931,1,17
-0.919263274903371,1,18
-0.943868619391885,1,19
-0.872503364580772,1,20
-0.759106447301228,1,21
-0.646258909584157,1,22
-0.533715837012249,1,23
-0.410782379483673,1,24
-0.25794837160362,1,25
-0.122107578776802,1,26
-0.0543603503888773,1,27
-0.0669068461474045,1,28
-0.105492653202746,1,29
-0.187452004213392,1,30
-0.217838818743901,1,31
-0.0530315786084178,1,1
0.0530315786084178,1,2
0.199923947323657,1,3
0.335638202636437,1,4
0.417017362631553,1,5
0.402840139562841,1,6
0.352173606275125,1,7
0.326463905385613,1,8
0.332441468720793,1,9
0.386596159620701,1,10
0.438928262716996,1,11
0.454845242446629,1,12
0.483964000481162,1,13
0.514409373347789,1,14
0.444978883728524,1,15
0.465912488805352,1,16
0.468232401596731,1,17
0.466501790006216,1,18
0.477797454587652,1,19
0.486410380049597,1,20
0.494911812824985,1,21
0.51134369525996,1,22
0.580719950088083,1,23
0.691640801975309,1,24
0.854910902133082,1,25
0.87447741647244,1,26
0.916389852962353,1,27
0.946968421391582,1,28
0.913133872298662,1,29
0.843010150145108,1,30
0.753707262025435,1,31
-0.0497517929776859,1,1
0.0497517929776859,1,2
0.186771328279708,1,3
0.291431160704315,1,4
0.338744776310491,1,5
0.351273245322094,1,6
0.35673103931983,1,7
0.379028459849749,1,8
0.408943035284048,1,9
0.42412332136321,1,10
0.433271913153173,1,11
0.478607510795183,1,12
0.569798974439092,1,13
0.653658225180712,1,14
0.660756684383825,1,15
0.614253939775049,1,16
0.420226847809437,1,17
0.36660144879175,1,18
0.395594644756822,1,19
0.462909004798286,1,20
0.555459284982002,1,21
0.641613930114047,1,22
0.742768243024303,1,23
0.859311550492516,1,24
0.950248207022314,1,25
0.923493665201889,1,26
0.799635868466977,1,27
0.756588788902197,1,28
0.771686166942347,1,29
0.790293701147891,1,30
0.718960625935554,1,31
0.0973412592679733,1,1
-0.0973412592679733,1,2
-0.237548569173623,1,3
-0.304667574429197,1,4
-0.288993491138178,1,5
-0.232546196634823,1,6
-0.212461382151053,1,7
-0.23820334620775,1,8
-0.328519747266588,1,9
-0.359345100613098,1,10
-0.329122232669111,1,11
-0.242100567397437,1,12
-0.136422419505381,1,13
0.0174239069504138,1,14
0.176433423483774,1,15
0.0528189730832256,1,16
0.141433810537323,1,17
0.215565034862001,1,18
0.263563218451175,1,19
0.248449640776007,1,20
0.187470399868455,1,21
0.0932870047621748,1,22
0.04376750673521,1,23
0.0734123460248303,1,24
0.176334897436197,1,25
0.31417498841394,1,26
0.312636404518147,1,27
0.372783873942358,1,28
0.479659451997049,1,29
0.606796875859275,1,30
0.640654899386902,1,31
-0.00298847762442139,1,1
0.00298847762442139,1,2
0.0201912758034524,1,3
0.0548363367096541,1,4
0.0972909278811418,1,5
0.143398402444629,1,6
0.1837521086025,1,7
0.207354769426174,1,8
0.227062673815818,1,9
0.261356673253838,1,10
0.298535824782034,1,11
0.315698379952052,1,12
0.345974630049086,1,13
0.396451091590903,1,14
0.471295878735382,1,15
0.479839549749426,1,16
0.470939142327526,1,17
0.460434671406606,1,18
0.447009866100095,1,19
0.329058757987707,1,20
0.278137368061846,1,21
0.300199195571707,1,22
0.38427531577831,1,23
0.498191144103636,1,24
0.577381437550606,1,25
0.596296722147125,1,26
0.580927599034842,1,27
0.596817869304791,1,28
0.684632338665323,1,29
0.853951550800957,1,30
0.997011522375579,1,31
0.021022793382475,1,1
-0.021022793382475,1,2
-0.0501133897483124,1,3
-0.0727945384647812,1,4
-0.0636796658158137,1,5
-0.0889074798832305,1,6
-0.118554265916241,1,7
-0.126545123187797,1,8
-0.0787389640994313,1,9
0.035391368815076,1,10
0.211356596276545,1,11
0.438421124977441,1,12
0.657767580836349,1,13
0.74669947908915,1,14
0.744740686286211,1,15
0.439390725243824,1,16
0.283822296090227,1,17
0.214893936625635,1,18
0.254069835848,1,19
0.355278671476119,1,20
0.486690499568546,1,21
0.60481225844377,1,22
0.695614323980472,1,23
0.789741315304618,1,24
0.8527188608757,1,25
0.873454876812203,1,26
0.754707233649373,1,27
0.661962636966732,1,28
0.604532979154254,1,29
0.631234058227158,1,30
0.679146510879628,1,31
-0.0878390880835583,1,1
0.0878390880835582,1,2
0.257219021958443,1,3
0.353084057130107,1,4
0.339849687321945,1,5
0.222524118401598,1,6
0.0625548800846468,1,7
-0.13367444660219,1,8
-0.28532197026469,1,9
-0.407858705626371,1,10
-0.478602693399053,1,11
-0.505478128238066,1,12
-0.483263637340525,1,13
-0.425194296503997,1,14
-0.557734968542734,1,15
-0.631241020259671,1,16
-0.646915942869893,1,17
-0.630867106487994,1,18
-0.592840803438896,1,19
-0.583517243704675,1,20
-0.597075211507395,1,21
-0.60624169293698,1,22
-0.592737527722209,1,23
-0.548511531288714,1,24
-0.49364579467873,1,25
-0.421969934502309,1,26
-0.329545408616111,1,27
-0.230482638894344,1,28
-0.156904168058995,1,29
-0.0874735736583517,1,30
-0.0360413498239817,1,31
0.071867445055169,1,1
-0.071867445055169,1,2
-0.232571410644992,1,3
-0.352944199417462,1,4
-0.380284756530558,1,5
-0.352233900923676,1,6
-0.30113079063637,1,7
-0.242317080698797,1,8
-0.20578567856203,1,9
-0.203470254213073,1,10
-0.220048526913751,1,11
-0.252116102464616,1,12
-0.286096610867703,1,13
-0.315198755133676,1,14
-0.406291709965829,1,15
-0.484528209843146,1,16
-0.582146074749653,1,17
-0.769953094240539,1,18
-0.727648507131214,1,19
-0.656757934885867,1,20
-0.578723450039369,1,21
-0.513884733764384,1,22
-0.496986181092643,1,23
-0.57359061621845,1,24
-0.688637635823196,1,25
-0.787259426209198,1,26
-0.702900220380223,1,27
-0.190763223100319,1,28
-0.0861924308075899,1,29
0.0383493312121269,1,30
0.212740573790802,1,31
-0.0206342937297708,1,1
0.0206342937297708,1,2
0.0107804535572712,1,3
-0.0437852100975513,1,4
-0.092511200143957,1,5
-0.138512492562931,1,6
-0.161231386723411,1,7
-0.170485296389402,1,8
-0.154104250869594,1,9
-0.101315058869383,1,10
-0.0731290411219189,1,11
-0.110896937971639,1,12
-0.506434994649205,1,13
-0.597402101185,1,14
-0.610796496450425,1,15
-0.538365485374657,1,16
-0.439340087242674,1,17
-0.365878149312901,1,18
-0.302371642525401,1,19
-0.224280183566298,1,20
-0.0531684003143815,1,21
0.185565939545289,1,22
0.389203503549575,1,23
0.151853492605175,1,24
-0.085629010733221,1,25
-0.264407391108386,1,26
-0.319897700286213,1,27
-0.255321229425742,1,28
-0.125685740087555,1,29
0.0852463698948032,1,30
0.231514977247855,1,31
0.0142975400054899,1,1
-0.01429754000549,1,2
-0.139436341024676,1,3
-0.366200800430052,1,4
-0.576847743122592,1,5
-0.704034121947051,1,6
-0.724185623372939,1,7
-0.731959251006913,1,8
-0.757141337228981,1,9
-0.791733691092855,1,10
-0.813612498052459,1,11
-0.788766622020009,1,12
-0.705642596384686,1,13
-0.703807386233734,1,14
-0.807181136832503,1,15
-0.866362692398,1,16
-0.844667935351703,1,17
-0.783803489824783,1,18
-0.759400571081928,1,19
-0.816610383817292,1,20
-0.902634888787189,1,21
-0.928485618787329,1,22
-0.834152881549071,1,23
-0.588880673063828,1,24
-0.391574615347358,1,25
-0.279249440250141,1,26
-0.199462971588039,1,27
-0.108828391254196,1,28
-0.0188066729284702,1,29
0.0658096688170068,1,30
0.0715143812126708,1,31
0.00187948028021756,1,1
-0.00187948028021767,1,2
0.0400728870149054,1,3
0.0537703075008271,1,4
0.0105540731447463,1,5
-0.0646162130900342,1,6
-0.120994521375289,1,7
-0.104869980335875,1,8
0.0082713534603468,1,9
0.173019740163268,1,10
0.303752823749462,1,11
0.408742229773262,1,12
0.461932993564717,1,13
0.475164108982825,1,14
0.326683933158426,1,15
-0.240017754914056,1,16
-0.445153184962118,1,17
-0.524835891017175,1,18
-0.520618049079069,1,19
-0.492130593305527,1,20
-0.451347247312926,1,21
-0.417155055949187,1,22
-0.391423879605486,1,23
-0.368078070459357,1,24
-0.289401174100541,1,25
-0.050949433238143,1,26
0.00887073434775409,1,27
0.0941133427393152,1,28
0.184315522075262,1,29
0.287524125792176,1,30
0.39493628227144,1,31
0.115787728010288,1,1
-0.115787728010288,1,2
-0.251328677263797,1,3
-0.25631960109342,1,4
-0.169004418845988,1,5
-0.0819268193984338,1,6
0.0159747346144102,1,7
0.10914709258932,1,8
0.195831811691656,1,9
0.263053594556339,1,10
0.299893072692722,1,11
0.318188269864861,1,12
0.31704107953823,1,13
0.240454461715644,1,14
0.0151307045867085,1,15
-0.213915672647977,1,16
-0.60176936244152,1,17
-0.681811730135139,1,18
-0.64651520408754,1,19
-0.576534115203844,1,20
-0.472685078907977,1,21
-0.352351705335998,1,22
-0.279704959184008,1,23
-0.306176781541095,1,24
-0.413473757212389,1,25
-0.575399810572859,1,26
-0.623388734892014,1,27
-0.52690598756886,1,28
-0.375573618384217,1,29
-0.271821623427621,1,30
-0.211466897187345,1,31
-0.134234670769482,1,1
0.134234670769482,1,2
0.364861806767168,1,3
0.521645928473808,1,4
0.5852107711302,1,5
0.564125052065225,1,6
0.500337741114498,1,7
0.376910323329082,1,8
0.268755839372998,1,9
0.205370384407034,1,10
0.203508233767885,1,11
0.29197150416757,1,12
0.379143843991962,1,13
0.453358763218224,1,14
0.531127438823627,1,15
0.598438227486978,1,16
0.300670780054711,1,17
0.0820763725665272,1,18
-0.0853541464426045,1,19
-0.192685621053945,1,20
-0.280000133586654,1,21
-0.355109063670379,1,22
-0.401561772513022,1,23
-0.384400899655858,1,24
-0.30376905864936,1,25
-0.199812083051526,1,26
-0.205009266719165,1,27
-0.288944539994007,1,28
-0.338579977175943,1,29
-0.318997162729962,1,30
-0.202571043680015,1,31
-0.0465456698471173,1,1
0.0465456698471174,1,2
0.0901767696820932,1,3
0.0588718400074026,1,4
-0.0276699169187359,1,5
-0.13987012352385,1,6
-0.273615774149333,1,7
-0.358019488368082,1,8
-0.36243924763846,1,9
-0.280950912436383,1,10
-0.138168005165709,1,11
-0.0249482278646168,1,12
0.0458244951562015,1,13
0.0962793456614521,1,14
0.100841452953369,1,15
0.0621718518479206,1,16
0.0565209082696667,1,17
-0.213398167210306,1,18
-0.279857038019292,1,19
-0.293913745528396,1,20
-0.292619102609682,1,21
-0.290535842573199,1,22
-0.289823946414483,1,23
-0.339750770605969,1,24
-0.448665624624196,1,25
-0.597327145957945,1,26
-0.725853417439933,1,27
-0.87556804863729,1,28
-0.899158547046631,1,29
-0.826400962639565,1,30
-0.715591433607938,1,31
0.00197167470313055,1,1
-0.00197167470313053,1,2
-0.0184157017608534,1,3
-0.0525496693020901,1,4
-0.0690987584121078,1,5
-0.0740499073217957,1,6
-0.0479657514006752,1,7
0.0322240021474919,1,8
0.155015324338094,1,9
0.327236674921476,1,10
0.460492321099342,1,11
0.536356114624666,1,12
0.532393098578391,1,13
0.462064826977714,1,14
0.373540012833264,1,15
0.139042294546423,1,16
-0.0062060183718347,1,17
-0.0591997398948185,1,18
-0.0293946110717969,1,19
0.0328245565663122,1,20
0.0685087031181165,1,21
0.0713268458922056,1,22
0.111339755750103,1,23
0.165706331098385,1,24
0.351318726771283,1,25
0.563502557149798,1,26
0.746014772388712,1,27
0.871858477787109,1,28
0.925950092678204,1,29
0.907237710945524,1,30
0.781975557910145,1,31
0.0588420402992142,1,1
-0.0588420402992142,1,2
-0.171313159211949,1,3
-0.278105289600937,1,4
-0.327825580325527,1,5
-0.305230611750957,1,6
-0.197609048294987,1,7
-0.0647863914918,1,8
0.0485584481371008,1,9
0.140744760492319,1,10
0.201074735392423,1,11
0.24622142271719,1,12
0.271277599323862,1,13
0.285145774884913,1,14
0.214796848330606,1,15
-0.0122139475481567,1,16
-0.121422100498028,1,17
-0.168066063941983,1,18
-0.175499585908849,1,19
-0.16915577647372,1,20
-0.146304610141765,1,21
-0.0884372877776239,1,22
0.0384802917676467,1,23
0.249736268742391,1,24
0.490294710849301,1,25
0.672174419674473,1,26
0.659635711719145,1,27
0.623893992311876,1,28
0.578827693843822,1,29
0.518462256467963,1,30
0.433249580310053,1,31
0.0698512625960834,1,1
-0.0698512625960834,1,2
-0.146694475313725,1,3
-0.148152952190336,1,4
-0.089823378995427,1,5
0.0185778452401727,1,6
0.134972221888647,1,7
0.175782377071502,1,8
0.12908937282643,1,9
0.0838819495826144,1,10
0.0586268364987276,1,11
0.0656838589492378,1,12
0.0885382692299428,1,13
0.0644513996800503,1,14
-0.457929581496748,1,15
-0.741229909143048,1,16
-0.824217622928498,1,17
-0.75446548327925,1,18
-0.621810341866271,1,19
-0.536018484530515,1,20
-0.549016761752445,1,21
-0.592374106812364,1,22
-0.560940160720555,1,23
-0.389873032331393,1,24
-0.186719723104636,1,25
-0.177540985181984,1,26
-0.184490380286717,1,27
-0.153323160786813,1,28
-0.221645438669338,1,29
-0.301701333799617,1,30
-0.354983897923238,1,31
-0.00647084257119163,2,1
0.00647084257119168,2,2
-0.014042357498073,2,3
-0.0574471620561802,2,4
-0.133926867740532,2,5
-0.212666496048541,2,6
-0.293843755473986,2,7
-0.35133311376372,2,8
-0.364735655678049,2,9
-0.325968964165631,2,10
-0.238257606717833,2,11
-0.122919152977974,2,12
-0.0161300285026217,2,13
0.062115878700705,2,14
0.0759997128300197,2,15
0.0576208051753369,2,16
0.0189706575576244,2,17
-0.0379268186125646,2,18
-0.088643964262679,2,19
-0.111389126625674,2,20
-0.0844022795363776,2,21
0.0344611444590596,2,22
0.272744408773278,2,23
0.541186404985494,2,24
0.635264344321951,2,25
0.468428897270286,2,26
0.272224543767515,2,27
0.136104434706277,2,28
0.0603849697061333,2,29
0.0418967321759596,2,30
0.0645490600069311,2,31
0.00239736490620679,2,1
-0.00239736490620679,2,2
-0.0399594482401219,2,3
-0.090271663578177,2,4
-0.133744954439912,2,5
-0.167783053189712,2,6
-0.226362414839309,2,7
-0.305534673366392,2,8
-0.368927694293115,2,9
-0.401828620467075,2,10
-0.344050276959145,2,11
-0.190319770156501,2,12
0.00729658348648016,2,13
0.152957752158239,2,14
0.237599710007434,2,15
0.263843181892524,2,16
0.32758566652236,2,17
0.433416921022236,2,18
0.54657041925317,2,19
0.328567969844798,2,20
0.0119007416055242,2,21
-0.240319283076718,2,22
-0.387181654606754,2,23
-0.448830583565713,2,24
-0.45342958074683,2,25
-0.406955513469562,2,26
-0.300221388987928,2,27
-0.116010202745849,2,28
0.149621206261051,2,29
0.374099776627218,2,30
0.424552895357103,2,31
-0.0221929067124192,2,1
0.0221929067124192,2,2
0.0331964748691694,2,3
0.0232891914788105,2,4
0.00331185631822584,2,5
-0.00475805866667112,2,6
0.0117163938950688,2,7
0.0357657269962796,2,8
0.0318506142877331,2,9
0.00841827021755914,2,10
-0.0322250298520251,2,11
-0.0711893964399347,2,12
-0.126864137700489,2,13
-0.192711815986051,2,14
-0.243468041661707,2,15
-0.323871296073847,2,16
-0.429132911526706,2,17
-0.493096687137661,2,18
-0.551806531807904,2,19
-0.593718631498332,2,20
-0.62370619361338,2,21
-0.645440107369908,2,22
-0.656850890336893,2,23
-0.666811208067039,2,24
-0.648581803344948,2,25
-0.564479225004792,2,26
-0.386086591434875,2,27
-0.166657812337016,2,28
0.0926209541024752,2,29
0.277440344271319,2,30
0.333188791932961,2,31
0.00820246080625203,2,1
-0.00820246080625203,2,2
-0.0611593787223352,2,3
-0.12026401192196,2,4
-0.173728504865557,2,5
-0.21383506902109,2,6
-0.235959019546264,2,7
-0.238888963367414,2,8
-0.228275461694646,2,9
-0.22374881459153,2,10
-0.244076965137197,2,11
-0.283090751915353,2,12
-0.314491415932578,2,13
-0.318042814363262,2,14
-0.266111505529253,2,15
-0.199988064493172,2,16
-0.135913132339169,2,17
-0.0887274233128734,2,18
-0.0542076127182927,2,19
-0.0255121177484247,2,20
-0.00317637288593198,2,21
0.0092408868175628,2,22
0.00440522332279852,2,23
-0.0124303425579167,2,24
-0.0216480122584408,2,25
-0.00352576396583781,2,26
0.0795217382516921,2,27
0.233844114473502,2,28
0.433479342778576,2,29
0.602028547646307,2,30
0.681957185636738,2,31
0.0455004616488063,2,1
-0.0455004616488064,2,2
-0.159614189389905,2,3
-0.228704469684233,2,4
-0.233451715674714,2,5
-0.19484022492025,2,6
-0.173816827512155,2,7
-0.201406100044357,2,8
-0.254127709784561,2,9
-0.294546098528413,2,10
-0.28831298185892,2,11
-0.228915796586095,2,12
-0.1124483968988,2,13
0.0164098197495454,2,14
0.0783213233591545,2,15
0.0952568989069755,2,16
0.0400353470857546,2,17
-0.0536445239033095,2,18
-0.254177731756027,2,19
-0.548774159697881,2,20
-0.700135592079127,2,21
-0.792121805122487,2,22
-0.849684242589949,2,23
-0.885740627362852,2,24
-0.904743101093024,2,25
-0.900491347982346,2,26
-0.857043949008531,2,27
-0.763988556247547,2,28
-0.652592837221129,2,29
-0.586149850156007,2,30
-0.630301695271152,2,31
0.0184245933036487,2,1
-0.0184245933036487,2,2
-0.0448440150557879,2,3
-0.0814939137498336,2,4
-0.1262638077973,2,5
-0.171488339466077,2,6
-0.205573670299923,2,7
-0.212057618713768,2,8
-0.188697030826652,2,9
-0.13987308704299,2,10
-0.0594378847321135,2,11
0.0504003141308802,2,12
0.169948192171544,2,13
0.254437838407824,2,14
0.304256769559799,2,15
0.355113498935866,2,16
0.334581019975234,2,17
0.317755698792817,2,18
0.279256667195497,2,19
0.228834375298496,2,20
0.190518543592208,2,21
0.177055837473918,2,22
0.201199660400825,2,23
0.271404107554923,2,24
0.384777035013963,2,25
0.511259381576887,2,26
0.641532790883067,2,27
0.709261252695782,2,28
0.787942381286232,2,29
0.368303898948548,2,30
0.145197115446284,2,31
0.00220728011285265,2,1
-0.00220728011285259,2,2
-0.0262766161541833,2,3
-0.0552072116437375,2,4
-0.0590800249442304,2,5
-0.0461427496023569,2,6
-0.0397101958695419,2,7
-0.0396210862725088,2,8
-0.0579417865508428,2,9
-0.0928536146928826,2,10
-0.138359262308209,2,11
-0.173457129274574,2,12
-0.181132262683217,2,13
-0.161458570312278,2,14
-0.155777258156329,2,15
-0.166239533454924,2,16
-0.199378882385996,2,17
-0.242576939051054,2,18
-0.283072277400832,2,19
-0.311245347696665,2,20
-0.320076651198562,2,21
-0.295184110061626,2,22
-0.228068979516977,2,23
-0.106714373977568,2,24
0.0409242334418561,2,25
0.165394807683917,2,26
0.279672140901131,2,27
0.399708954008191,2,28
0.552078642858583,2,29
0.679923348801438,2,30
0.659247044065695,2,31
0.0474034563625354,2,1
-0.0474034563625353,2,2
-0.0891198247469105,2,3
-0.154156108708742,2,4
-0.219432178031214,2,5
-0.294918677079904,2,6
-0.369802042357004,2,7
-0.406796752833725,2,8
-0.433168196175136,2,9
-0.458795137442137,2,10
-0.47492286951578,2,11
-0.430913910778353,2,12
-0.359763423833983,2,13
-0.253565600971119,2,14
-0.170987784606363,2,15
-0.326917480411509,2,16
-0.507506722462898,2,17
-0.709878274230003,2,18
-0.868451454834066,2,19
-0.952596543637465,2,20
-0.93630153084653,2,21
-0.817310381878096,2,22
-0.610199811136704,2,23
-0.494652644861325,2,24
-0.593770747294148,2,25
-0.778529073601511,2,26
-0.903101585991247,2,27
-0.824864488461815,2,28
-0.567624071482531,2,29
-0.221047462702691,2,30
0.0400643678665455,2,31
-0.0836671587357937,2,1
0.0836671587357937,2,2
0.271415766419676,2,3
0.369701368215378,2,4
0.329023466953137,2,5
0.205552480936443,2,6
0.0913281938572001,2,7
0.021984510841217,2,8
0.0213529887291318,2,9
0.0735631822236242,2,10
0.174414458999132,2,11
0.315843958836798,2,12
0.462438159853592,2,13
0.597344411486721,2,14
0.736432998819451,2,15
0.897259320165102,2,16
0.787580339516726,2,17
0.607858010286915,2,18
0.35675023819291,2,19
0.137638333521985,2,20
0.00250682507729463,2,21
-0.0641773383174385,2,22
-0.0567109313386681,2,23
0.051811857336389,2,24
0.266930801694925,2,25
0.50176732165369,2,26
0.665659254460165,2,27
0.578569036475014,2,28
0.364899336689592,2,29
0.109427000021796,2,30
-0.102740679834898,2,31
0.0773371744765596,2,1
-0.0773371744765596,2,2
-0.170714782857097,2,3
-0.233528702643135,2,4
-0.279379286050707,2,5
-0.31037623035373,2,6
-0.337872508559709,2,7
-0.377115876312238,2,8
-0.419972357774674,2,9
-0.450202286808325,2,10
-0.436709055379353,2,11
-0.355325527048735,2,12
-0.254696513452857,2,13
-0.132498533899794,2,14
-0.163793134694784,2,15
-0.261705781329951,2,16
-0.362858888998508,2,17
-0.443166580231274,2,18
-0.492649484601566,2,19
-0.527192464640465,2,20
-0.538285239450706,2,21
-0.515234758992298,2,22
-0.467861829847918,2,23
-0.434833910891048,2,24
-0.42592690206666,2,25
-0.437825444795749,2,26
-0.35025250782448,2,27
-0.17677140615582,2,28
0.0692937679320567,2,29
0.293061055029874,2,30
0.461714760549294,2,31
-0.0207598992190219,2,1
0.0207598992190219,2,2
0.102182701199342,2,3
0.189831519868099,2,4
0.266714727695138,2,5
0.243279062907234,2,6
0.132774060652635,2,7
0.00285522144470296,2,8
-0.0882414491966612,2,9
-0.102872078774875,2,10
-0.0462634366638403,2,11
0.0350840141782059,2,12
0.0612580182989393,2,13
-0.0354100134420593,2,14
-0.19436755004904,2,15
-0.295881475987239,2,16
-0.462357800033391,2,17
-0.570458764399115,2,18
-0.659094965788644,2,19
-0.716394604782668,2,20
-0.733285272304862,2,21
-0.699192059196435,2,22
-0.585850820356163,2,23
-0.344727660953018,2,24
-0.0139085690593557,2,25
0.202851301594884,2,26
0.238847825906388,2,27
0.166575785345743,2,28
0.144143215865217,2,29
0.174842345567014,2,30
0.197536966917185,2,31
-0.0250361181386204,2,1
0.0250361181386204,2,2
0.0514798701323251,2,3
0.0514361336163868,2,4
0.0250245373645284,2,5
-0.031159866609851,2,6
-0.0836171578781701,2,7
-0.106471701871216,2,8
-0.0845310458294927,2,9
-0.0253172725667136,2,10
0.102686049850179,2,11
0.303366168227395,2,12
0.547077537102017,2,13
0.765545842775131,2,14
0.893528298128784,2,15
0.762878383397807,2,16
0.547171387234748,2,17
0.34376549474652,2,18
0.18935054621922,2,19
0.0873675105521526,2,20
0.0226222946407827,2,21
-0.0194827550393718,2,22
-0.0529549787886033,2,23
-0.0664891588326619,2,24
-0.0236279087509123,2,25
0.127902071665785,2,26
0.365390078344026,2,27
0.547069069145629,2,28
0.606822931747576,2,29
0.552877718167281,2,30
0.463191702057873,2,31
-0.0238117142072765,2,1
0.0238117142072763,2,2
0.0230167140311209,2,3
-0.0364270167672872,2,4
-0.116806831459537,2,5
-0.199333646985192,2,6
-0.260350796040345,2,7
-0.298031861425876,2,8
-0.317250229314493,2,9
-0.326398688833407,2,10
-0.336774392402069,2,11
-0.339542236377391,2,12
-0.331629534805171,2,13
-0.319403045316549,2,14
-0.359395491773482,2,15
-0.401914375421958,2,16
-0.45568123364796,2,17
-0.508342106105159,2,18
-0.546821130782956,2,19
-0.565685338878447,2,20
-0.557901721618786,2,21
-0.502829677511104,2,22
-0.395940876110711,2,23
-0.243458252219563,2,24
-0.0563479640030415,2,25
0.0614799211666622,2,26
0.185407903072807,2,27
0.320498978050086,2,28
0.408557269054408,2,29
0.434314661121553,2,30
0.39300492085495,2,31
-0.0406115940891443,2,1
0.0406115940891443,2,2
0.113625379542592,2,3
0.161289536308817,2,4
0.140723306591267,2,5
0.0533659137545502,2,6
-0.104186096513437,2,7
-0.270331187746674,2,8
-0.407953316939643,2,9
-0.511309353974417,2,10
-0.600726308214129,2,11
-0.68437886081503,2,12
-0.733767839829772,2,13
-0.757222138288517,2,14
-0.72589947373277,2,15
-0.620279253992014,2,16
-0.487044696021514,2,17
-0.524365086152911,2,18
-0.601172035619863,2,19
-0.706012707022202,2,20
-0.793315299741577,2,21
-0.837026768004769,2,22
-0.838710463691183,2,23
-0.783389108083237,2,24
-0.678670091686447,2,25
-0.534740928020864,2,26
-0.416270486956983,2,27
-0.344672330821165,2,28
-0.345036010543152,2,29
-0.336004325843626,2,30
-0.344444933384227,2,31
0.0101492075136735,2,1
-0.0101492075136737,2,2
-0.0028015479485074,2,3
0.066246548656441,2,4
0.13354310578615,2,5
0.164383045409338,2,6
0.161046298443603,2,7
0.0996671945321631,2,8
0.00240494103890887,2,9
-0.136528276059475,2,10
-0.257959531409383,2,11
-0.343176542631027,2,12
-0.381985232718182,2,13
-0.395521871087472,2,14
-0.392182964256176,2,15
-0.3725778450266,2,16
-0.415713520483147,2,17
-0.476274937137399,2,18
-0.56121556819253,2,19
-0.629985533031973,2,20
-0.688491534888712,2,21
-0.743871070825824,2,22
-0.794741007456228,2,23
-0.835107432627526,2,24
-0.835616954590662,2,25
-0.785764550370078,2,26
-0.691862039995425,2,27
-0.600535897418707,2,28
-0.536651555713617,2,29
-0.464386783711738,2,30
-0.338431343855795,2,31
0.0751977283097975,2,1
-0.0751977283097977,2,2
-0.237639308212697,2,3
-0.408521575023249,2,4
-0.546419020198227,2,5
-0.635432096296489,2,6
-0.67783065298749,2,7
-0.695668327968581,2,8
-0.717208210178008,2,9
-0.739998822168259,2,10
-0.74685795332501,2,11
-0.702127258195695,2,12
-0.627828392823667,2,13
-0.635516323761334,2,14
-0.69893825973001,2,15
-0.758936998770246,2,16
-0.802570675070772,2,17
-0.832391893204579,2,18
-0.846946315214911,2,19
-0.841733546236096,2,20
-0.792221230955437,2,21
-0.672026880308845,2,22
-0.458661106996566,2,23
-0.165296798270124,2,24
0.0585494333987184,2,25
0.151498053924346,2,26
0.153053684785089,2,27
0.135394953844611,2,28
0.118069188880344,2,29
0.118974731168438,2,30
0.132817762749263,2,31
-0.0752756441530618,2,1
0.0752756441530618,2,2
0.0660772568320679,2,3
-0.0471644243959843,2,4
-0.167962443451539,2,5
-0.258432624896376,2,6
-0.267247874770322,2,7
-0.202799871085383,2,8
-0.0847900694631912,2,9
0.0637823906030143,2,10
0.21329580089403,2,11
0.346985012387065,2,12
0.41952700716231,2,13
0.43876199066125,2,14
0.133057480465563,2,15
-0.128950138579842,2,16
-0.334474085426586,2,17
-0.475097171442981,2,18
-0.549052900871353,2,19
-0.56123800933875,2,20
-0.506969161732089,2,21
-0.368715883981127,2,22
-0.163545213175833,2,23
0.0461110012912559,2,24
0.21836393520179,2,25
0.222433984997454,2,26
0.0967078599509612,2,27
-0.0524515476559515,2,28
-0.18881442302319,2,29
-0.270889722088456,2,30
-0.29103322636285,2,31
-0.0137109075066214,2,1
0.0137109075066215,2,2
-0.146161109527598,2,3
-0.416123396501567,2,4
-0.702692485336348,2,5
-0.897297238938267,2,6
-0.967981496209194,2,7
-0.926390247111555,2,8
-0.830165086981964,2,9
-0.7010433851115,2,10
-0.59836385733216,2,11
-0.59693774004393,2,12
-0.678606095361997,2,13
-0.699627209120222,2,14
-0.636435468682201,2,15
-0.489732004580426,2,16
-0.36035594465685,2,17
-0.309824631125156,2,18
-0.390201128767749,2,19
-0.55601841317949,2,20
-0.732157003561088,2,21
-0.883472285575367,2,22
-0.985814550831098,2,23
-0.986289092493378,2,24
-0.822312287906776,2,25
-0.54716959623866,2,26
-0.256413135087805,2,27
-0.193930306984757,2,28
-0.403493013853786,2,29
-0.638881838544929,2,30
-0.702945249269769,2,31
-0.0016529165992526,2,1
0.00165291659925271,2,2
-0.0587798804887756,2,3
-0.169060032504208,2,4
-0.294072136872177,2,5
-0.440550066668667,2,6
-0.57586752103333,2,7
-0.684220777210682,2,8
-0.741358253911913,2,9
-0.740831481371042,2,10
-0.705142405746871,2,11
-0.650612232560692,2,12
-0.626490403546186,2,13
-0.617681626863947,2,14
-0.747131537500549,2,15
-0.836334202158931,2,16
-0.921533922366298,2,17
-0.979212999972049,2,18
-0.998347083400747,2,19
-0.970515485369825,2,20
-0.883192948428597,2,21
-0.722447770240698,2,22
-0.520036397476636,2,23
-0.37917878567645,2,24
-0.32108894335562,2,25
-0.354396420616286,2,26
-0.383311861221808,2,27
-0.391304453899622,2,28
-0.365421001818039,2,29
-0.325942132946944,2,30
-0.265553055344294,2,31
0.0285842616126057,2,1
-0.0285842616126059,2,2
-0.181868569047821,2,3
-0.393642074160148,2,4
-0.567949834815961,2,5
-0.662352578660454,2,6
-0.662471358349249,2,7
-0.591607126486488,2,8
-0.506565797482763,2,9
-0.430745133031428,2,10
-0.396577592724432,2,11
-0.399636610582115,2,12
-0.449781904094355,2,13
-0.505738177308884,2,14
-0.552064634496389,2,15
-0.572157848642535,2,16
-0.673358624422089,2,17
-0.750131113194906,2,18
-0.834020626183076,2,19
-0.906618055943332,2,20
-0.953261331843805,2,21
-0.971415738387394,2,22
-0.957321389914097,2,23
-0.888810055896892,2,24
-0.738611883934866,2,25
-0.499588002997062,2,26
-0.255889888634421,2,27
-0.14760064153494,2,28
-0.232715192530037,2,29
-0.385120042410636,2,30
-0.529375615364285,2,31
0.00908126672886811,2,1
-0.00908126672886816,2,2
-0.031550188798555,2,3
-0.0602001946708787,2,4
-0.101500570680976,2,5
-0.151502106453022,2,6
-0.2110159799981,2,7
-0.259030192661336,2,8
-0.296030290042118,2,9
-0.316348031629217,2,10
-0.319144242786275,2,11
-0.307320630003265,2,12
-0.28546120751254,2,13
-0.258957955501711,2,14
-0.221760955397911,2,15
-0.195513473688043,2,16
-0.181401715621068,2,17
-0.188355999820953,2,18
-0.205026556542057,2,19
-0.219712879955223,2,20
-0.222790912917998,2,21
-0.205862742773913,2,22
-0.158501697241219,2,23
-0.0773122075965709,2,24
0.0334991882291821,2,25
0.17472038559991,2,26
0.276746771418921,2,27
0.383984215985767,2,28
0.506817793627532,2,29
0.604793173016077,2,30
0.680855757213725,2,31
0.0227717614212981,2,1
-0.0227717614212982,2,2
-0.0829525540817031,2,3
-0.166614272985475,2,4
-0.275972470660076,2,5
-0.37620096314123,2,6
-0.461068945702396,2,7
-0.546377137376518,2,8
-0.638636074195774,2,9
-0.757596581604727,2,10
-0.833951134851345,2,11
-0.830259453487508,2,12
-0.751610837815463,2,13
-0.609176287159476,2,14
-0.507213451615098,2,15
-0.407938661075536,2,16
-0.34231113660516,2,17
-0.269766583776196,2,18
-0.185789840971714,2,19
-0.0851231833044473,2,20
0.0217317470813375,2,21
0.110677892455998,2,22
0.166048865148655,2,23
0.157453816949436,2,24
0.114003917645105,2,25
-0.0158255275085889,2,26
-0.188385896486459,2,27
-0.363139467397384,2,28
-0.485526708265138,2,29
-0.549413942753366,2,30
-0.574128107114521,2,31
0.0102041447063473,2,1
-0.0102041447063473,2,2
-0.0477056541702853,2,3
-0.100939086128964,2,4
-0.177035719693702,2,5
-0.25718642528053,2,6
-0.339923773020135,2,7
-0.423406130137056,2,8
-0.500512919033809,2,9
-0.548430416332155,2,10
-0.535508379746063,2,11
-0.486515134402802,2,12
-0.445621017004663,2,13
-0.438580591231046,2,14
-0.44701858156836,2,15
-0.491587663987732,2,16
-0.632427982327044,2,17
-0.731872104513255,2,18
-0.827643857247807,2,19
-0.911942339985706,2,20
-0.964297539919576,2,21
-0.976612438953015,2,22
-0.91194676413189,2,23
-0.732986199052872,2,24
-0.428495781176379,2,25
-0.122348582898233,2,26
0.0233875610469853,2,27
-0.0578030659521351,2,28
-0.193503356832985,2,29
-0.275665058114662,2,30
-0.257979650205972,2,31
0.114444664428444,2,1
-0.114444664428444,2,2
-0.284761360698403,2,3
-0.382658499030394,2,4
-0.412077363883896,2,5
-0.366666913172681,2,6
-0.272808805947297,2,7
-0.184650694737629,2,8
-0.141773508850857,2,9
-0.163169976247463,2,10
-0.208447112765153,2,11
-0.221755901801742,2,12
-0.183418909813205,2,13
-0.0995081204207207,2,14
0.0300124758565639,2,15
0.0348415741301593,2,16
-0.020291466630144,2,17
-0.160240645613751,2,18
-0.299483509328488,2,19
-0.426321263330021,2,20
-0.521993048849162,2,21
-0.583986087114836,2,22
-0.579002196851251,2,23
-0.468025861819692,2,24
-0.228424334752938,2,25
0.0496757692245031,2,26
0.232035487741895,2,27
0.386583244489578,2,28
0.416013912885164,2,29
0.377291391949774,2,30
0.337289124908789,2,31
0.0136732992966182,2,1
-0.0136732992966182,2,2
-0.0662433849365091,2,3
-0.173202794671389,2,4
-0.300945607467221,2,5
-0.425811224268126,2,6
-0.554699677351595,2,7
-0.662585793732579,2,8
-0.766766073969695,2,9
-0.851868367145807,2,10
-0.887308135499423,2,11
-0.880376267523668,2,12
-0.809165527174752,2,13
-0.709622251123819,2,14
-0.722956968170497,2,15
-0.741316956157288,2,16
-0.752204961649186,2,17
-0.72596130090417,2,18
-0.642785187246593,2,19
-0.480374348418772,2,20
-0.25069083217966,2,21
-0.00844144665198199,2,22
0.112691864500577,2,23
0.0432135619301399,2,24
-0.0992874742462687,2,25
-0.220021974448178,2,26
-0.237249906866564,2,27
-0.181871886474191,2,28
-0.134918729996362,2,29
-0.115834237445145,2,30
-0.210541206995453,2,31
